0.10 -1.958684 -0.951576 0.529986 -2.225000 1.850000 0.000000 -1.712922 -0.725938 3.923655 4.095210 1.681743 
0.20 -1.958684 -0.951576 0.529986 -2.225000 1.850000 0.000000 -1.712922 -0.725938 3.923655 4.095210 1.681743 
0.30 -1.958684 -0.951576 0.529986 -2.225000 1.850000 0.000000 -1.712922 -0.725938 3.923655 4.095210 1.681743 
0.40 -1.995171 -0.872489 0.489986 -2.225000 1.850000 0.000000 -1.712922 -0.725938 3.923655 4.095210 1.681743 
0.50 -2.028465 -0.792005 0.449986 -2.225000 1.850000 0.000000 -1.712922 -0.725938 3.923655 4.095210 1.681743 
0.60 -2.058514 -0.710255 0.409986 -2.225000 1.850000 0.000000 -1.712922 -0.725938 3.923655 4.095210 1.681743 
0.70 -2.085270 -0.627368 0.369986 -2.225000 1.850000 0.000000 -1.712922 -0.725938 3.923655 4.095210 1.681743 
0.80 -2.108690 -0.543478 0.329986 -2.225000 1.850000 0.000000 -1.712922 -0.725938 3.923655 4.095210 1.681743 
0.90 -2.128737 -0.458718 0.289986 -2.225000 1.850000 0.000000 -1.712922 -0.725938 3.923655 4.095210 1.681743 
1.00 -2.145378 -0.373224 0.249986 -2.225000 1.850000 0.000000 -1.712922 -0.725938 3.923655 4.095210 1.681743 
1.10 -2.158587 -0.287133 0.209986 -2.225000 1.850000 0.000000 -1.712922 -0.725938 3.923655 4.095210 1.681743 
1.20 -2.168342 -0.200583 0.169986 -2.225000 1.850000 0.000000 -1.712922 -0.725938 3.923655 4.095210 1.681743 
1.30 -2.174629 -0.113712 0.129986 -2.225000 1.850000 0.000000 -1.712922 -0.725938 3.923655 4.095210 1.681743 
1.40 -2.177437 -0.026659 0.089986 -2.225000 1.850000 0.000000 -1.712922 -0.725938 3.923655 4.095210 1.681743 
1.50 -2.176761 0.060436 0.049986 -2.225000 1.850000 0.000000 -1.712922 -0.725938 3.923655 4.095210 1.681743 
1.60 -2.172603 0.147435 0.009986 -2.225000 1.850000 0.000000 -1.712922 -0.725938 3.923655 4.095210 1.681743 
1.70 -2.164970 0.234198 -0.030014 -2.225000 1.850000 0.000000 -1.712922 -0.725938 3.923655 4.095210 1.681743 
1.80 -2.153872 0.320587 -0.070014 -2.225000 1.850000 0.000000 -1.712922 -0.725938 3.923655 4.095210 1.681743 
1.90 -2.139329 0.406462 -0.110014 -2.225000 1.850000 0.000000 -1.712922 -0.725938 3.923655 4.095210 1.681743 
2.00 -2.100005 0.576126 -0.190014 -2.225000 1.850000 0.000000 -1.712922 -0.725938 3.923655 4.095210 1.681743 
2.10 -2.100005 0.576126 -0.190014 -2.225000 1.850000 0.000000 -1.712922 -0.725938 3.923655 4.095210 1.681743 
2.20 -2.075286 0.659643 -0.230014 -2.225000 1.850000 0.000000 -1.712922 -0.725938 3.923655 4.095210 1.681743 
2.30 -2.047248 0.742105 -0.270014 -2.225000 1.850000 0.000000 -1.712922 -0.725938 3.923655 4.095210 1.681743 
2.40 -1.981395 0.903336 -0.350014 -2.225000 1.850000 0.000000 -1.712922 -0.725938 3.923655 4.095210 1.681743 
2.50 -1.981395 0.903336 -0.350014 -2.225000 1.850000 0.000000 -1.712922 -0.725938 3.923655 4.095210 1.681743 
2.60 -2.015934 0.823379 -0.310014 -2.225000 1.850000 0.000000 -1.712922 -0.725938 3.923655 4.095210 1.681743 
2.70 -2.047248 0.742105 -0.270014 -2.225000 1.850000 0.000000 -1.712922 -0.725938 3.923655 4.095210 1.681743 
2.80 -2.100005 0.576126 -0.190014 -2.225000 1.850000 0.000000 -1.712922 -0.725938 3.923655 4.095210 1.681743 
2.90 -2.100005 0.576126 -0.190014 -2.225000 1.850000 0.000000 -1.712922 -0.725938 3.923655 4.095210 1.681743 
3.00 -2.121364 0.491687 -0.150014 -2.225000 1.850000 0.000000 -1.712922 -0.725938 3.923655 4.095210 1.681743 
3.10 -2.139329 0.406462 -0.110014 -2.225000 1.850000 0.000000 -1.712922 -0.725938 3.923655 4.095210 1.681743 
3.20 -2.153872 0.320587 -0.070014 -2.225000 1.850000 0.000000 -1.712922 -0.725938 3.923655 4.095210 1.681743 
3.30 -2.164970 0.234198 -0.030014 -2.225000 1.850000 0.000000 -1.712922 -0.725938 3.923655 4.095210 1.681743 
3.40 -2.172603 0.147435 0.009986 -2.225000 1.850000 0.000000 -1.712922 -0.725938 3.923655 4.095210 1.681743 
3.50 -2.176761 0.060436 0.049986 -2.225000 1.850000 0.000000 -1.712922 -0.725938 3.923655 4.095210 1.681743 
3.60 -2.177437 -0.026659 0.089986 -2.225000 1.850000 0.000000 -1.712922 -0.725938 3.923655 4.095210 1.681743 
3.70 -2.174629 -0.113712 0.129986 -2.225000 1.850000 0.000000 -1.712922 -0.725938 3.923655 4.095210 1.681743 
3.80 -2.168342 -0.200583 0.169986 -2.225000 1.850000 0.000000 -1.712922 -0.725938 3.923655 4.095210 1.681743 
3.90 -2.158587 -0.287133 0.209986 -2.225000 1.850000 0.000000 -1.712922 -0.725938 3.923655 4.095210 1.681743 
4.00 -2.145378 -0.373224 0.249986 -2.225000 1.850000 0.000000 -1.712922 -0.725938 3.923655 4.095210 1.681743 
4.10 -2.128737 -0.458718 0.289986 -2.225000 1.850000 0.000000 -1.712922 -0.725938 3.923655 4.095210 1.681743 
4.20 -2.108690 -0.543478 0.329986 -2.225000 1.850000 0.000000 -1.712922 -0.725938 3.923655 4.095210 1.681743 
4.30 -2.085270 -0.627368 0.369986 -2.225000 1.850000 0.000000 -1.712922 -0.725938 3.923655 4.095210 1.681743 
4.40 -2.058514 -0.710255 0.409986 -2.225000 1.850000 0.000000 -1.712922 -0.725938 3.923655 4.095210 1.681743 
4.50 -1.995171 -0.872489 0.489986 -2.225000 1.850000 0.000000 -1.712922 -0.725938 3.923655 4.095210 1.681743 
4.60 -1.958684 -0.951576 0.529986 -2.225000 1.850000 0.000000 -1.712922 -0.725938 3.923655 4.095210 1.681743 
4.70 -1.958684 -0.951576 0.529986 -2.225000 1.850000 0.000000 -1.712922 -0.725938 3.923655 4.095210 1.681743 
4.80 -1.919065 -1.029142 0.569986 -2.225000 1.850000 0.000000 -1.712922 -0.725938 3.923655 4.095210 1.681743 
4.90 -1.876375 -1.105060 0.609986 -2.225000 1.850000 0.000000 -1.712922 -0.725938 3.923655 4.095210 1.681743 
5.00 -1.830684 -1.179212 0.649986 -2.225000 1.850000 0.000000 -1.712922 -0.725938 3.923655 4.095210 1.681743 
5.10 -1.782063 -1.251476 0.689986 -2.225000 1.850000 0.000000 -1.712922 -0.725938 3.923655 4.095210 1.681743 
5.20 -1.730592 -1.321739 0.729986 -2.225000 1.850000 0.000000 -1.712922 -0.725938 3.923655 4.095210 1.681743 
5.30 -1.676352 -1.389887 0.769986 -2.225000 1.850000 0.000000 -1.712922 -0.725938 3.923655 4.095210 1.681743 
5.40 -1.619431 -1.455811 0.809986 -2.225000 1.850000 0.000000 -1.712922 -0.725938 3.923655 4.095210 1.681743 
5.50 -1.559919 -1.519406 0.849986 -2.225000 1.850000 0.000000 -1.712922 -0.725938 3.923655 4.095210 1.681743 
5.60 -1.497911 -1.580571 0.889986 -2.225000 1.850000 0.000000 -1.712922 -0.725938 3.923655 4.095210 1.681743 
5.70 -1.433507 -1.639207 0.929986 -2.225000 1.850000 0.000000 -1.712922 -0.725938 3.923655 4.095210 1.681743 
5.80 -1.297925 -1.748523 1.009986 -2.225000 1.850000 0.000000 -1.712922 -0.725938 3.923655 4.095210 1.681743 
5.90 -1.297925 -1.748523 1.009986 -2.225000 1.850000 0.000000 -1.712922 -0.725938 3.923655 4.095210 1.681743 
6.00 -1.154041 -1.846654 1.089986 -2.225000 1.850000 0.000000 -1.712922 -0.725938 3.923655 4.095210 1.681743 
6.10 -1.154041 -1.846654 1.089986 -2.225000 1.850000 0.000000 -1.712922 -0.725938 3.923655 4.095210 1.681743 
6.20 -1.079272 -1.891326 1.129986 -2.225000 1.850000 0.000000 -1.712922 -0.725938 3.923655 4.095210 1.681743 
6.30 -1.002776 -1.932973 1.169986 -2.225000 1.850000 0.000000 -1.712922 -0.725938 3.923655 4.095210 1.681743 
6.40 -0.924675 -1.971527 1.209986 -2.225000 1.850000 0.000000 -1.712922 -0.725938 3.923655 4.095210 1.681743 
6.50 -0.845095 -2.006927 1.249986 -2.225000 1.850000 0.000000 -1.712922 -0.725938 3.923655 4.095210 1.681743 
6.60 -0.764164 -2.039116 1.289986 -2.225000 1.850000 0.000000 -1.712922 -0.725938 3.923655 4.095210 1.681743 
6.70 -0.682010 -2.068044 1.329986 -2.225000 1.850000 0.000000 -1.712922 -0.725938 3.923655 4.095210 1.681743 
6.80 -0.598764 -2.093663 1.369986 -2.225000 1.850000 0.000000 -1.712922 -0.725938 3.923655 4.095210 1.681743 
6.90 -0.514561 -2.115932 1.409986 -2.225000 1.850000 0.000000 -1.712922 -0.725938 3.923655 4.095210 1.681743 
7.00 -0.343821 -2.150286 1.489986 -2.225000 1.850000 0.000000 -1.712922 -0.725938 3.923655 4.095210 1.681743 
7.10 -0.343821 -2.150286 1.489986 -2.225000 1.850000 0.000000 -1.712922 -0.725938 3.923655 4.095210 1.681743 
7.20 -0.170882 -2.170885 1.569986 -2.225000 1.850000 0.000000 -1.712922 -0.725938 3.923655 4.095210 1.681743 
7.30 -0.170882 -2.170885 1.569986 -2.225000 1.850000 0.000000 -1.712922 -0.725938 3.923655 4.095210 1.681743 
7.40 -0.083933 -2.175982 1.609986 -2.225000 1.850000 0.000000 -1.712922 -0.725938 3.923655 4.095210 1.681743 
7.50 0.003150 -2.177598 1.649986 -2.225000 1.850000 0.000000 -1.712922 -0.725938 3.923655 4.095210 1.681743 
7.60 0.090228 -2.175730 1.689986 -2.225000 1.850000 0.000000 -1.712922 -0.725938 3.923655 4.095210 1.681743 
7.70 0.177162 -2.170382 1.729986 -2.225000 1.850000 0.000000 -1.712922 -0.725938 3.923655 4.095210 1.681743 
7.80 0.350040 -2.149282 1.809986 -2.225000 1.850000 0.000000 -1.712922 -0.725938 3.923655 4.095210 1.681743 
7.90 0.350040 -2.149282 1.809986 -2.225000 1.850000 0.000000 -1.712922 -0.725938 3.923655 4.095210 1.681743 
8.00 0.435709 -2.133565 1.849986 -2.225000 1.850000 0.000000 -1.712922 -0.725938 3.923655 4.095210 1.681743 
8.10 0.520680 -2.114435 1.889986 -2.225000 1.850000 0.000000 -1.712922 -0.725938 3.923655 4.095210 1.681743 
8.20 0.604819 -2.091922 1.929986 -2.225000 1.850000 0.000000 -1.712922 -0.725938 3.923655 4.095210 1.681743 
8.30 0.687989 -2.066062 1.969986 -2.225000 1.850000 0.000000 -1.712922 -0.725938 3.923655 4.095210 1.681743 
8.40 0.850898 -2.004474 2.049986 -2.225000 1.850000 0.000000 -1.712922 -0.725938 3.923655 4.095210 1.681743 
8.50 0.850898 -2.004474 2.049986 -2.225000 1.850000 0.000000 -1.712922 -0.725938 3.923655 4.095210 1.681743 
8.60 1.008363 -1.930064 2.129986 -2.225000 1.850000 0.000000 -1.712922 -0.725938 3.923655 4.095210 1.681743 
8.70 1.008363 -1.930064 2.129986 -2.225000 1.850000 0.000000 -1.712922 -0.725938 3.923655 4.095210 1.681743 
8.80 1.084738 -1.888196 2.169986 -2.225000 1.850000 0.000000 -1.712922 -0.725938 3.923655 4.095210 1.681743 
8.90 1.159379 -1.843308 2.209986 -2.225000 1.850000 0.000000 -1.712922 -0.725938 3.923655 4.095210 1.681743 
9.00 1.232164 -1.795471 2.249986 -2.225000 1.850000 0.000000 -1.712922 -0.725938 3.923655 4.095210 1.681743 
9.10 1.371707 -1.691260 2.329986 -2.225000 1.850000 0.000000 -1.712922 -0.725938 3.923655 4.095210 1.681743 
9.20 1.371707 -1.691260 2.329986 -2.225000 1.850000 0.000000 -1.712922 -0.725938 3.923655 4.095210 1.681743 
9.30 1.438243 -1.635054 2.369986 -2.225000 1.850000 0.000000 -1.712922 -0.725938 3.923655 4.095210 1.681743 
9.40 1.502477 -1.576231 2.409986 -2.225000 1.850000 0.000000 -1.712922 -0.725938 3.923655 4.095210 1.681743 
9.50 1.554315 -1.515287 2.449986 -2.225000 1.850000 0.000000 -1.712922 -0.725938 3.915345 4.095210 1.675322 
9.60 1.603676 -1.452319 2.489986 -2.225000 1.850000 0.000000 -1.712922 -0.725938 3.906827 4.095210 1.669249 
9.70 1.650478 -1.387427 2.529986 -2.225000 1.850000 0.000000 -1.712922 -0.725938 3.898112 4.095210 1.663539 
9.80 1.694648 -1.320716 2.569986 -2.225000 1.850000 0.000000 -1.712922 -0.725938 3.889214 4.095210 1.658204 
9.90 1.736115 -1.252292 2.609986 -2.225000 1.850000 0.000000 -1.712922 -0.725938 3.880145 4.095210 1.653257 
10.00 1.774813 -1.182264 2.649986 -2.225000 1.850000 0.000000 -1.712922 -0.725938 3.870919 4.095210 1.648708 
10.10 1.810679 -1.110744 2.689986 -2.225000 1.850000 0.000000 -1.712922 -0.725938 3.861549 4.095210 1.644569 
10.20 1.853649 -1.037448 2.729986 -2.225000 1.850000 0.000000 -1.712922 -0.725938 3.861549 4.095210 1.644569 
10.30 1.893653 -0.962492 2.769986 -2.225000 1.850000 0.000000 -1.712922 -0.725938 3.861549 4.095210 1.644569 
10.40 1.920635 -0.886396 2.809986 -2.225000 1.850000 0.000000 -1.712922 -0.725938 3.851830 4.095210 1.641603 
10.50 1.944554 -0.809282 2.849986 -2.225000 1.850000 0.000000 -1.712922 -0.725938 3.842026 4.095210 1.639079 
10.60 1.965369 -0.731273 2.889986 -2.225000 1.850000 0.000000 -1.712922 -0.725938 3.832152 4.095210 1.637001 
10.70 1.968060 -0.653094 2.929986 -2.225000 1.850000 0.000000 -1.712922 -0.725938 3.807329 4.095210 1.633048 
10.80 1.967622 -0.574870 2.969986 -2.225000 1.850000 0.000000 -1.712922 -0.725938 3.782409 4.095210 1.630463 
10.90 1.964057 -0.496726 3.009986 -2.225000 1.850000 0.000000 -1.712922 -0.725938 3.757430 4.095210 1.629256 
11.00 1.957370 -0.418787 3.049986 -2.225000 1.850000 0.000000 -1.712922 -0.725938 3.732430 4.095210 1.629431 
11.10 1.947571 -0.341178 3.089986 -2.225000 1.850000 0.000000 -1.712922 -0.725938 3.707449 4.095210 1.630989 
11.20 1.932385 -0.280305 3.121565 -2.225000 1.850000 0.000000 -1.712922 -0.725938 3.682529 4.095210 1.633922 
11.30 1.915284 -0.219942 -3.130041 -2.225000 1.850000 0.000000 -1.712922 -0.725938 3.657687 4.095210 1.638011 
11.40 1.895595 -0.168132 -3.102673 -2.225000 1.850000 0.000000 -1.712922 -0.725938 3.632948 4.095210 1.643245 
11.50 1.873445 -0.132661 -3.083725 -2.225000 1.850000 0.000000 -1.712922 -0.725938 3.608322 4.095210 1.649504 
11.60 1.848445 -0.132661 -3.083725 -2.225000 1.850000 0.000000 -1.712922 -0.725938 3.583788 4.095210 1.656572 
11.70 1.823445 -0.132661 -3.083725 -2.175000 1.800000 0.000000 -1.712922 -0.725938 3.559261 4.033553 1.603561 
11.80 1.798445 -0.132661 -3.083725 -2.175000 1.800000 0.000000 -1.712922 -0.725938 3.534740 4.033553 1.610787 
11.90 1.768372 -0.188589 -3.115304 -2.150000 1.800000 0.000000 -1.712922 -0.725938 3.510226 4.009461 1.612180 
12.00 1.736548 -0.243540 3.136302 -2.150000 1.800000 0.000000 -1.712922 -0.725938 3.485574 4.009461 1.619000 
12.10 1.703005 -0.297459 3.104723 -2.150000 1.800000 0.000000 -1.712922 -0.725938 3.460808 4.009461 1.625417 
12.20 1.667777 -0.350291 3.073144 -2.150000 1.800000 0.000000 -1.712922 -0.725938 3.435948 4.009461 1.631430 
12.30 1.630898 -0.401985 3.041565 -2.150000 1.800000 0.000000 -1.712922 -0.725938 3.411018 4.009461 1.637038 
12.40 1.596159 -0.439063 3.018407 -2.150000 1.800000 0.000000 -1.712922 -0.725938 3.386042 4.009461 1.642239 
12.50 1.560571 -0.475327 2.995249 -2.150000 1.800000 0.000000 -1.712922 -0.725938 3.361048 4.009461 1.647238 
12.60 1.517580 -0.529968 2.959460 -2.150000 1.800000 0.000000 -1.712922 -0.725938 3.336048 4.009461 1.652034 
12.70 1.477518 -0.570614 2.932092 -2.150000 1.800000 0.000000 -1.712922 -0.725938 3.311066 4.009461 1.656316 
12.80 1.436359 -0.610149 2.904723 -2.150000 1.800000 0.000000 -1.712922 -0.725938 3.286120 4.009461 1.660290 
12.90 1.399546 -0.636779 2.885776 -2.150000 1.800000 0.000000 -1.712922 -0.725938 3.261230 4.009461 1.663956 
13.00 1.362235 -0.662707 2.866828 -2.150000 1.800000 0.000000 -1.712922 -0.725938 3.236391 4.009461 1.667521 
13.10 1.333022 -0.671140 2.860513 -2.150000 1.800000 0.000000 -1.712922 -0.725938 3.211613 4.009461 1.670984 
13.20 1.317770 -0.651791 2.875249 -2.150000 1.800000 0.000000 -1.712922 -0.725938 3.186860 4.009461 1.674657 
13.30 1.302235 -0.632670 2.889986 -2.150000 1.800000 0.000000 -1.712922 -0.725938 3.162062 4.009461 1.679058 
13.40 1.257524 -0.622471 2.898407 -2.075000 1.800000 0.000000 -1.712922 -0.725938 3.112429 3.937253 1.656019 
13.50 1.257524 -0.622471 2.898407 -2.075000 1.800000 0.000000 -1.712922 -0.725938 3.112429 3.937253 1.656019 
13.60 1.228568 -0.630243 2.892092 -2.075000 1.800000 0.000000 -1.712922 -0.725938 3.087572 3.937253 1.661076 
13.70 1.220364 -0.597071 2.919460 -2.075000 1.750000 0.000000 -1.712922 -0.725938 3.062734 3.923908 1.621894 
13.80 1.191569 -0.604609 2.913144 -2.100000 1.625000 0.000000 -1.712922 -0.725938 3.037830 3.917485 1.532794 
13.90 1.185077 -0.567474 2.944723 -2.100000 1.575000 0.000000 -1.712922 -0.725938 3.012941 3.906313 1.498948 
14.00 1.158880 -0.569915 2.942618 -2.100000 1.525000 0.000000 -1.712922 -0.725938 2.987992 3.895751 1.467564 
14.10 1.144474 -0.548330 2.961565 -2.100000 1.500000 0.000000 -1.712922 -0.725938 2.963046 3.890700 1.457870 
14.20 1.111272 -0.564768 2.946828 -2.100000 1.500000 0.000000 -1.712922 -0.725938 2.938075 3.890700 1.469238 
14.30 1.077832 -0.580714 2.932092 -2.100000 1.500000 0.000000 -1.712922 -0.725938 2.913124 3.890700 1.480615 
14.40 1.031379 -0.618014 2.896302 -2.100000 1.500000 0.000000 -1.712922 -0.725938 2.888201 3.890700 1.491999 
14.50 0.983621 -0.653629 2.860513 -2.100000 1.500000 0.000000 -1.712922 -0.725938 2.863366 3.890700 1.502917 
14.60 0.937505 -0.683570 2.828934 -2.100000 1.450000 0.000000 -1.712922 -0.725938 2.838654 3.881062 1.476139 
14.70 0.865467 -0.712040 2.797355 -2.125000 1.350000 0.000000 -1.712922 -0.725938 2.789673 3.888329 1.445452 
14.80 0.840467 -0.712040 2.797355 -2.125000 1.325000 0.000000 -1.712922 -0.725938 2.765277 3.884395 1.440964 
14.90 0.840467 -0.712040 2.797355 -2.125000 1.325000 0.000000 -1.712922 -0.725938 2.765277 3.884395 1.440964 
15.00 0.815467 -0.712040 2.797355 -2.125000 1.275000 0.000000 -1.712922 -0.725938 2.740892 3.876998 1.422021 
15.10 0.785955 -0.717019 2.791039 -2.125000 1.275000 0.000000 -1.712922 -0.725938 2.716518 3.876998 1.435443 
15.20 0.765468 -0.712198 2.797355 -2.075000 1.225000 0.000000 -1.712922 -0.725938 2.692191 3.820657 1.379138 
15.30 0.744951 -0.707507 2.803671 -2.050000 1.175000 0.000000 -1.712922 -0.725938 2.667841 3.789623 1.344307 
15.40 0.727359 -0.699890 2.814197 -2.050000 1.150000 0.000000 -1.712922 -0.725938 2.643467 3.786741 1.345764 
15.50 0.709687 -0.692458 2.824723 -2.050000 1.050000 0.000000 -1.712922 -0.725938 2.619046 3.776850 1.311972 
15.60 0.683227 -0.693898 2.822618 -2.050000 1.050000 0.000000 -1.712922 -0.725938 2.594581 3.776850 1.329455 
15.70 0.668381 -0.684123 2.837355 -1.975000 1.000000 0.000000 -1.712922 -0.725938 2.570138 3.698091 1.257795 
15.80 0.643381 -0.684123 2.837355 -1.950000 0.975000 0.000000 -1.712922 -0.725938 2.545629 3.671380 1.242951 
15.90 0.593381 -0.684123 2.837355 -1.925000 0.975000 0.000000 -1.712922 -0.725938 2.496641 3.646438 1.238819 
16.00 0.593381 -0.684123 2.837355 -1.925000 0.975000 0.000000 -1.712922 -0.725938 2.496641 3.646438 1.257619 
16.10 0.568381 -0.684123 2.837355 -1.925000 0.975000 0.000000 -1.712922 -0.725938 2.472162 3.646438 1.276631 
16.20 0.536150 -0.689805 2.826828 -1.925000 0.975000 0.000000 -1.712922 -0.725938 2.447694 3.646438 1.295847 
16.30 0.477396 -0.696153 2.814197 -1.925000 0.925000 0.000000 -1.712922 -0.725938 2.398963 3.643364 1.317606 
16.40 0.477396 -0.696153 2.814197 -1.925000 0.925000 0.000000 -1.712922 -0.725938 2.398963 3.643364 1.317606 
16.50 0.450930 -0.697104 2.812092 -1.925000 0.925000 0.000000 -1.712922 -0.725938 2.374660 3.643364 1.337574 
16.60 0.412646 -0.705049 2.793144 -1.925000 0.925000 0.000000 -1.712922 -0.725938 2.350384 3.643364 1.357678 
16.70 0.362646 -0.705049 2.793144 -1.800000 0.900000 0.000000 -1.712922 -0.725938 2.302120 3.517232 1.270812 
16.80 0.362646 -0.705049 2.793144 -1.800000 0.900000 0.000000 -1.712922 -0.725938 2.302120 3.517232 1.270812 
16.90 0.333186 -0.707167 2.786828 -1.800000 0.900000 0.000000 -1.712922 -0.725938 2.278016 3.517232 1.291000 
17.00 0.303714 -0.709100 2.780513 -1.775000 0.900000 0.000000 -1.712922 -0.725938 2.253975 3.492263 1.287155 
17.10 0.268234 -0.713130 2.765776 -1.750000 0.900000 0.000000 -1.712922 -0.725938 2.229999 3.467294 1.283267 
17.20 0.247733 -0.711579 2.772092 -1.725000 0.850000 0.000000 -1.712922 -0.725938 2.206155 3.440160 1.267398 
17.30 0.227223 -0.710159 2.778407 -1.700000 0.825000 0.000000 -1.712922 -0.725938 2.182288 3.414359 1.258772 
17.40 0.212666 -0.707101 2.793144 -1.675000 0.825000 0.000000 -1.712922 -0.725938 2.158400 3.389370 1.255493 
17.50 0.198066 -0.704259 2.807881 -1.675000 0.800000 0.000000 -1.712922 -0.725938 2.134430 3.388731 1.272905 
17.60 0.189327 -0.700063 2.831039 -1.650000 0.750000 0.000000 -1.712922 -0.725938 2.110380 3.363008 1.263722 
17.70 0.139327 -0.700063 2.831039 -1.600000 0.700000 0.000000 -1.712922 -0.725938 2.062035 3.313024 1.255711 
17.80 0.139327 -0.700063 2.831039 -1.600000 0.700000 0.000000 -1.712922 -0.725938 2.062035 3.313024 1.255711 
17.90 0.130507 -0.697228 2.854197 -1.575000 0.700000 0.000000 -1.712922 -0.725938 2.037892 3.288024 1.254077 
18.00 0.105507 -0.697228 2.854197 -1.550000 0.675000 0.000000 -1.712922 -0.725938 2.013624 3.263320 1.251713 
18.10 0.080507 -0.697228 2.854197 -1.550000 0.675000 0.000000 -1.712922 -0.725938 1.989375 3.263320 1.275496 
18.20 0.030507 -0.697228 2.854197 -1.475000 0.650000 0.000000 -1.712922 -0.725938 1.940932 3.188826 1.248151 
18.30 0.030507 -0.697228 2.854197 -1.475000 0.650000 0.000000 -1.712922 -0.725938 1.940932 3.188826 1.248151 
18.40 0.005507 -0.697228 2.854197 -1.475000 0.625000 0.000000 -1.712922 -0.725938 1.916741 3.189520 1.272781 
18.50 -0.009216 -0.697439 2.868934 -1.450000 0.625000 0.000000 -1.712922 -0.725938 1.892570 3.164532 1.272011 
18.60 -0.032764 -0.698709 2.906828 -1.375000 0.600000 0.000000 -1.712922 -0.725938 1.843993 3.090489 1.247386 
18.70 -0.032764 -0.698709 2.906828 -1.375000 0.600000 0.000000 -1.712922 -0.725938 1.843993 3.090489 1.247386 
18.80 -0.041570 -0.699859 2.929986 -1.350000 0.600000 0.000000 -1.712922 -0.725938 1.819570 3.065510 1.247122 
18.90 -0.050346 -0.701213 2.953144 -1.300000 0.575000 0.000000 -1.712922 -0.725938 1.795043 3.016700 1.224311 
19.00 -0.056129 -0.703012 2.980513 -1.275000 0.575000 0.000000 -1.712922 -0.725938 1.770421 2.991732 1.224351 
19.10 -0.064829 -0.704702 3.003671 -1.275000 0.575000 0.000000 -1.712922 -0.725938 1.745699 2.991732 1.249312 
19.20 -0.073487 -0.706593 3.026828 -1.275000 0.575000 0.000000 -1.712922 -0.725938 1.720903 2.991732 1.274299 
19.30 -0.082098 -0.708684 3.049986 -1.225000 0.575000 0.000000 -1.712922 -0.725938 1.696045 2.941797 1.249593 
19.40 -0.090660 -0.710974 3.073144 -1.225000 0.575000 0.000000 -1.712922 -0.725938 1.671134 2.941797 1.274589 
19.50 -0.102169 -0.713038 3.092092 -1.175000 0.575000 0.000000 -1.712922 -0.725938 1.646183 2.891864 1.249879 
19.60 -0.116647 -0.714834 3.106828 -1.125000 0.575000 0.000000 -1.712922 -0.725938 1.621208 2.841933 1.225159 
19.70 -0.141647 -0.714834 3.106828 -1.050000 0.625000 0.000000 -1.712922 -0.725938 1.596220 2.764765 1.170523 
19.80 -0.191647 -0.714834 3.106828 -0.950000 0.650000 0.000000 -1.712922 -0.725938 1.546244 2.664005 1.118945 
19.90 -0.216647 -0.714834 3.106828 -0.875000 0.675000 0.000000 -1.712922 -0.725938 1.521257 2.588423 1.067703 
20.00 -0.241647 -0.714834 3.106828 -0.825000 0.675000 0.000000 -1.712922 -0.725938 1.496270 2.538433 1.042752 
20.10 -0.241647 -0.714834 3.106828 -0.825000 0.675000 0.000000 -1.712922 -0.725938 1.496270 2.538433 1.042752 
20.20 -0.266647 -0.714834 3.106828 -0.775000 0.675000 0.000000 -1.712922 -0.725938 1.471283 2.488443 1.017805 
20.30 -0.291647 -0.714834 3.106828 -0.700000 0.675000 0.000000 -1.712922 -0.725938 1.446297 2.413460 0.967894 
20.40 -0.316647 -0.714834 3.106828 -0.650000 0.675000 0.000000 -1.712922 -0.725938 1.421312 2.363471 0.942959 
20.50 -0.341647 -0.714834 3.106828 -0.600000 0.675000 0.000000 -1.712922 -0.725938 1.396327 2.313483 0.918028 
20.60 -0.366647 -0.714834 3.106828 -0.600000 0.625000 0.000000 -1.712922 -0.725938 1.371343 2.315124 0.947104 
20.70 -0.391647 -0.714834 3.106828 -0.575000 0.600000 0.000000 -1.712922 -0.725938 1.346359 2.291386 0.950227 
20.80 -0.416647 -0.714834 3.106828 -0.525000 0.550000 0.000000 -1.712922 -0.725938 1.321376 2.244827 0.933843 
20.90 -0.441647 -0.714834 3.106828 -0.475000 0.525000 0.000000 -1.712922 -0.725938 1.296393 2.197130 0.914745 
21.00 -0.466647 -0.714834 3.106828 -0.475000 0.525000 0.000000 -1.712922 -0.725938 1.271411 2.197130 0.939302 
21.10 -0.491647 -0.714834 3.106828 -0.425000 0.475000 0.000000 -1.712922 -0.725938 1.246430 2.152599 0.927668 
21.20 -0.541647 -0.714834 3.106828 -0.250000 0.375000 0.000000 -1.712922 -0.725938 1.196470 1.994046 0.846056 
21.30 -0.541647 -0.714834 3.106828 -0.250000 0.375000 0.000000 -1.712922 -0.725938 1.196470 1.994046 0.846056 
21.40 -0.566647 -0.714834 3.106828 -0.175000 0.350000 0.000000 -1.712922 -0.725938 1.171491 1.924988 0.812924 
21.50 -0.591647 -0.714834 3.106828 -0.125000 0.300000 0.000000 -1.712922 -0.725938 1.146514 1.886632 0.816879 
21.60 -0.616647 -0.714834 3.106828 -0.125000 0.300000 0.000000 -1.712922 -0.725938 1.121537 1.886632 0.838584 
21.70 -0.641647 -0.714834 3.106828 -0.075000 0.300000 0.000000 -1.712922 -0.725938 1.096561 1.837958 0.817780 
21.80 -0.666647 -0.714834 3.106828 -0.075000 0.300000 0.000000 -1.712922 -0.725938 1.071587 1.837958 0.839463 
21.90 -0.716647 -0.714834 3.106828 0.000000 0.275000 0.000000 -1.712922 -0.725938 1.021641 1.771284 0.832812 
22.00 -0.716647 -0.714834 3.106828 0.000000 0.275000 0.000000 -1.712922 -0.725938 1.021641 1.771284 0.832812 
22.10 -0.741647 -0.714834 3.106828 0.000000 0.275000 0.000000 -1.712922 -0.725938 0.996670 1.771284 0.854140 
22.20 -0.756030 -0.726054 3.121565 0.000000 0.275000 0.000000 -1.712922 -0.725938 0.971701 1.771284 0.875662 
22.30 -0.770246 -0.737485 3.136302 0.050000 0.275000 0.000000 -1.712922 -0.725938 0.946718 1.722979 0.854870 
22.40 -0.784292 -0.749124 -3.132146 0.050000 0.275000 0.000000 -1.712922 -0.725938 0.921724 1.722979 0.875995 
22.50 -0.798164 -0.760968 -3.117410 0.050000 0.275000 0.000000 -1.712922 -0.725938 0.896724 1.722979 0.897127 
22.60 -0.848164 -0.760968 -3.117410 0.050000 0.275000 0.000000 -1.712922 -0.725938 0.859225 1.722979 0.939584 
22.70 -0.873164 -0.760968 -3.117410 0.050000 0.275000 0.000000 -1.712922 -0.725938 0.834226 1.722979 0.961086 
22.80 -0.873164 -0.760968 -3.117410 0.050000 0.275000 0.000000 -1.712922 -0.725938 0.821726 1.722979 0.961086 
22.90 -0.898164 -0.760968 -3.117410 0.100000 0.275000 0.000000 -1.712922 -0.725938 0.796727 1.674772 0.938974 
23.00 -0.923164 -0.760968 -3.117410 0.100000 0.275000 0.000000 -1.712922 -0.725938 0.771728 1.674772 0.960489 
23.10 -0.948164 -0.760968 -3.117410 0.100000 0.275000 0.000000 -1.712922 -0.725938 0.746729 1.674772 0.982169 
23.20 -0.973164 -0.760968 -3.117410 0.100000 0.275000 0.000000 -1.712922 -0.725938 0.721730 1.674772 1.004004 
23.30 -0.998164 -0.760968 -3.117410 0.100000 0.275000 0.000000 -1.712922 -0.725938 0.696730 1.674772 1.025983 
23.40 -1.023164 -0.760968 -3.117410 0.100000 0.275000 0.000000 -1.712922 -0.725938 0.671731 1.674772 1.048097 
23.50 -1.048164 -0.760968 -3.117410 0.125000 0.275000 0.000000 -1.712922 -0.725938 0.646733 1.650709 1.047825 
23.60 -1.073164 -0.760968 -3.117410 0.175000 0.275000 0.000000 -1.712922 -0.725938 0.621734 1.602669 1.025148 
23.70 -1.098164 -0.760968 -3.117410 0.175000 0.275000 0.000000 -1.712922 -0.725938 0.596735 1.602669 1.047281 
23.80 -1.123164 -0.760968 -3.117410 0.175000 0.275000 0.000000 -1.712922 -0.725938 0.571736 1.602669 1.069540 
23.90 -1.148164 -0.760968 -3.117410 0.200000 0.275000 0.000000 -1.712922 -0.725938 0.546738 1.578695 1.069274 
24.00 -1.173164 -0.760968 -3.117410 0.200000 0.275000 0.000000 -1.712922 -0.725938 0.521740 1.578695 1.091657 
24.10 -1.198164 -0.760968 -3.117410 0.200000 0.275000 0.000000 -1.712922 -0.725938 0.496741 1.578695 1.114152 
24.20 -1.223164 -0.760968 -3.117410 0.275000 0.275000 0.000000 -1.712922 -0.725938 0.471744 1.506972 1.068479 
24.30 -1.248164 -0.760968 -3.117410 0.275000 0.275000 0.000000 -1.712922 -0.725938 0.446746 1.506972 1.090879 
24.40 -1.298164 -0.760968 -3.117410 0.275000 0.275000 0.000000 -1.712922 -0.725938 0.409250 1.506972 1.113390 
24.50 -1.298164 -0.760968 -3.117410 0.275000 0.275000 0.000000 -1.712922 -0.725938 0.396751 1.506972 1.136005 
24.60 -1.348164 -0.760968 -3.117410 0.400000 0.250000 0.000000 -1.712922 -0.725938 0.346758 1.396525 1.078012 
24.70 -1.348164 -0.760968 -3.117410 0.400000 0.250000 0.000000 -1.712922 -0.725938 0.346758 1.396525 1.078012 
24.80 -1.373164 -0.760968 -3.117410 0.475000 0.275000 0.000000 -1.712922 -0.725938 0.321762 1.317496 1.021837 
24.90 -1.398164 -0.760968 -3.117410 0.550000 0.275000 0.000000 -1.712922 -0.725938 0.296767 1.247290 0.976972 
25.00 -1.423164 -0.760968 -3.117410 0.600000 0.275000 0.000000 -1.712922 -0.725938 0.271773 1.200808 0.954585 
25.10 -1.448164 -0.760968 -3.117410 0.625000 0.300000 0.000000 -1.712922 -0.725938 0.246780 1.168331 0.942743 
25.20 -1.473164 -0.760968 -3.117410 0.725000 0.300000 0.000000 -1.712922 -0.725938 0.221789 1.075831 0.876180 
25.30 -1.498164 -0.760968 -3.117410 0.725000 0.300000 0.000000 -1.712922 -0.725938 0.196800 1.075831 0.897830 
