0.10 1.800000 -0.775000 3.141593 -2.375000 -0.150000 0.000000 -1.724982 0.623409 3.792234 4.127222 1.089151 
0.20 1.800000 -0.775000 3.141593 -2.375000 -0.150000 0.000000 -1.724982 0.623409 3.792234 4.127222 1.089151 
0.30 1.800000 -0.775000 3.141593 -2.375000 -0.150000 0.000000 -1.724982 0.623409 3.792234 4.127222 1.089151 
0.40 1.753127 -0.823283 3.114224 -2.375000 -0.150000 0.000000 -1.724982 0.623409 3.769008 4.127222 1.102554 
0.50 1.704951 -0.870265 3.086856 -2.375000 -0.150000 0.000000 -1.724982 0.623409 3.746068 4.127222 1.116917 
0.60 1.655507 -0.915910 3.059487 -2.375000 -0.150000 0.000000 -1.724982 0.623409 3.723437 4.127222 1.132194 
0.70 1.604833 -0.960186 3.032119 -2.375000 -0.150000 0.000000 -1.724982 0.623409 3.701139 4.127222 1.148337 
0.80 1.557175 -0.996511 3.008961 -2.375000 -0.150000 0.000000 -1.724982 0.623409 3.679197 4.127222 1.165299 
0.90 1.508689 -1.031723 2.985803 -2.375000 -0.150000 0.000000 -1.724982 0.623409 3.657579 4.127222 1.182956 
1.00 1.450374 -1.078054 2.954224 -2.375000 -0.150000 0.000000 -1.724982 0.623409 3.636304 4.127222 1.201271 
1.10 1.390625 -1.122521 2.922645 -2.375000 -0.150000 0.000000 -1.724982 0.623409 3.615506 4.127222 1.220339 
1.20 1.339266 -1.153842 2.899487 -2.375000 -0.150000 0.000000 -1.724982 0.623409 3.595213 4.127222 1.240107 
1.30 1.287196 -1.183966 2.876329 -2.375000 -0.150000 0.000000 -1.724982 0.623409 3.575326 4.127222 1.260401 
1.40 1.239538 -1.207667 2.857382 -2.275000 -0.000000 0.000000 -1.724982 0.623409 3.555863 4.048270 1.102783 
1.50 1.181035 -1.240450 2.830014 -2.250000 0.075000 0.000000 -1.724982 0.623409 3.536773 4.035871 1.053038 
1.60 1.125802 -1.245254 2.825803 -2.200000 0.125000 0.000000 -1.724982 0.623409 3.499761 3.995697 1.027125 
1.70 1.125802 -1.245254 2.825803 -2.200000 0.125000 0.000000 -1.724982 0.623409 3.499761 3.995697 1.027125 
1.80 1.100802 -1.245254 2.825803 -2.175000 0.175000 0.000000 -1.724982 0.623409 3.481430 3.980868 0.997517 
1.90 1.075802 -1.245254 2.825803 -2.175000 0.175000 0.000000 -1.724982 0.623409 3.463183 3.980868 1.020431 
2.00 1.042916 -1.251866 2.819487 -2.175000 0.175000 0.000000 -1.724982 0.623409 3.445021 3.980868 1.043441 
2.10 1.017916 -1.251866 2.819487 -2.175000 0.175000 0.000000 -1.724982 0.623409 3.427054 3.980868 1.066600 
2.20 1.054920 -1.178544 2.891066 -2.075000 0.300000 0.000000 -1.724982 0.623409 3.399963 3.910568 0.956832 
2.30 1.054920 -1.178544 2.891066 -2.075000 0.300000 0.000000 -1.724982 0.623409 3.390770 3.910568 0.956832 
2.40 1.076226 -1.136415 2.931066 -2.050000 0.325000 0.000000 -1.724982 0.623409 3.371850 3.892296 0.944921 
2.50 1.095829 -1.093468 2.971066 -2.025000 0.350000 0.000000 -1.724982 0.623409 3.352365 3.874259 0.932857 
2.60 1.113700 -1.049772 3.011066 -2.025000 0.400000 0.000000 -1.724982 0.623409 3.332338 3.887123 0.927782 
2.70 1.129809 -1.005396 3.051066 -1.975000 0.450000 0.000000 -1.724982 0.623409 3.311791 3.852541 0.881872 
2.80 1.156641 -0.914890 3.131066 -1.925000 0.550000 0.000000 -1.724982 0.623409 3.269231 3.833960 0.836743 
2.90 1.167322 -0.868904 -3.112119 -1.875000 0.625000 0.000000 -1.724982 0.623409 3.247268 3.810301 0.784661 
3.00 1.176155 -0.822529 -3.072119 -1.875000 0.675000 0.000000 -1.724982 0.623409 3.224884 3.826974 0.792063 
3.10 1.176155 -0.822529 -3.072119 -1.875000 0.675000 0.000000 -1.724982 0.623409 3.224884 3.826974 0.792063 
3.20 1.188225 -0.728903 -2.992119 -1.825000 0.775000 0.000000 -1.724982 0.623409 3.178965 3.815484 0.768434 
3.30 1.191443 -0.681804 -2.952119 -1.825000 0.800000 0.000000 -1.724982 0.623409 3.155488 3.824717 0.788912 
3.40 1.192775 -0.634613 -2.912119 -1.775000 0.875000 0.000000 -1.724982 0.623409 3.131706 3.807243 0.757979 
3.50 1.192775 -0.634613 -2.912119 -1.775000 0.875000 0.000000 -1.724982 0.623409 3.131706 3.807243 0.757979 
3.60 1.192219 -0.587407 -2.872119 -1.750000 0.900000 0.000000 -1.724982 0.623409 3.107650 3.794242 0.757366 
3.70 1.185183 -0.550261 -2.840540 -1.750000 0.900000 0.000000 -1.724982 0.623409 3.083353 3.794242 0.781627 
3.80 1.160183 -0.550261 -2.840540 -1.725000 0.925000 0.000000 -1.724982 0.623409 3.058892 3.781526 0.782131 
3.90 1.135183 -0.550261 -2.840540 -1.700000 0.950000 0.000000 -1.724982 0.623409 3.034440 3.769100 0.783979 
4.00 1.115914 -0.538544 -2.830014 -1.650000 0.975000 0.000000 -1.724982 0.623409 3.009996 3.734355 0.762462 
4.10 1.056699 -0.556156 -2.846856 -1.650000 0.975000 0.000000 -1.724982 0.623409 2.973240 3.734355 0.811874 
4.20 1.056699 -0.556156 -2.846856 -1.650000 0.975000 0.000000 -1.724982 0.623409 2.960975 3.734355 0.811874 
4.30 1.031699 -0.556156 -2.846856 -1.650000 0.975000 0.000000 -1.724982 0.623409 2.936593 3.734355 0.836680 
4.40 1.006699 -0.556156 -2.846856 -1.650000 0.975000 0.000000 -1.724982 0.623409 2.912221 3.734355 0.861497 
4.50 0.994314 -0.533275 -2.823698 -1.650000 0.975000 0.000000 -1.724982 0.623409 2.887861 3.734355 0.886324 
4.60 0.969314 -0.533275 -2.823698 -1.575000 1.025000 0.000000 -1.724982 0.623409 2.863386 3.688784 0.848743 
4.70 0.956409 -0.511266 -2.800540 -1.475000 1.075000 0.000000 -1.724982 0.623409 2.838920 3.622772 0.793246 
4.80 0.934620 -0.505373 -2.794224 -1.425000 1.075000 0.000000 -1.724982 0.623409 2.814350 3.578684 0.771492 
4.90 0.884620 -0.505373 -2.794224 -1.300000 1.150000 0.000000 -1.724982 0.623409 2.765173 3.506493 0.741321 
5.00 0.884620 -0.505373 -2.794224 -1.300000 1.150000 0.000000 -1.724982 0.623409 2.765173 3.506493 0.741321 
5.10 0.869040 -0.488996 -2.775277 -1.300000 1.150000 0.000000 -1.724982 0.623409 2.740597 3.506493 0.765926 
5.20 0.840935 -0.494317 -2.781593 -1.300000 1.150000 0.000000 -1.724982 0.623409 2.715944 3.506493 0.790632 
5.30 0.810686 -0.502878 -2.792119 -1.250000 1.150000 0.000000 -1.724982 0.623409 2.691325 3.463451 0.772150 
5.40 0.780350 -0.511120 -2.802645 -1.250000 1.150000 0.000000 -1.724982 0.623409 2.666760 3.463451 0.796691 
5.50 0.745530 -0.525340 -2.821593 -1.250000 1.150000 0.000000 -1.724982 0.623409 2.642255 3.463451 0.821211 
5.60 0.710448 -0.538897 -2.840540 -1.200000 1.150000 0.000000 -1.724982 0.623409 2.617859 3.420599 0.802820 
5.70 0.675115 -0.551786 -2.859487 -1.200000 1.150000 0.000000 -1.724982 0.623409 2.593583 3.420599 0.827027 
5.80 0.615736 -0.562078 -2.876329 -1.200000 1.150000 0.000000 -1.724982 0.623409 2.545274 3.420599 0.875386 
5.90 0.615736 -0.562078 -2.876329 -1.200000 1.150000 0.000000 -1.724982 0.623409 2.545274 3.420599 0.875386 
6.00 0.577439 -0.549781 -2.855277 -1.150000 1.150000 0.000000 -1.724982 0.623409 2.497233 3.377943 0.880719 
6.10 0.577439 -0.549781 -2.855277 -1.150000 1.150000 0.000000 -1.724982 0.623409 2.497233 3.377943 0.880719 
6.20 0.569522 -0.532064 -2.823698 -1.150000 1.150000 0.000000 -1.724982 0.623409 2.473132 3.377943 0.904885 
6.30 0.561050 -0.514607 -2.792119 -1.150000 1.150000 0.000000 -1.724982 0.623409 2.448849 3.377943 0.929278 
6.40 0.552031 -0.497425 -2.760540 -1.125000 1.150000 0.000000 -1.724982 0.623409 2.424402 3.356691 0.932384 
6.50 0.540445 -0.482816 -2.733172 -1.125000 1.150000 0.000000 -1.724982 0.623409 2.399811 3.356691 0.957059 
6.60 0.528465 -0.468530 -2.705803 -1.125000 1.150000 0.000000 -1.724982 0.623409 2.375113 3.356691 0.981848 
6.70 0.503465 -0.468530 -2.705803 -1.075000 1.150000 0.000000 -1.724982 0.623409 2.350323 3.314344 0.964031 
6.80 0.487256 -0.459381 -2.686856 -1.075000 1.150000 0.000000 -1.724982 0.623409 2.325537 3.314344 0.988841 
6.90 0.462256 -0.459381 -2.686856 -1.075000 1.150000 0.000000 -1.724982 0.623409 2.300698 3.314344 1.013712 
7.00 0.428474 -0.467583 -2.705803 -1.075000 1.150000 0.000000 -1.724982 0.623409 2.275862 3.314344 1.038589 
7.10 0.363522 -0.479300 -2.737382 -1.025000 1.150000 0.000000 -1.724982 0.623409 2.226322 3.272213 1.045891 
7.20 0.363522 -0.479300 -2.737382 -1.025000 1.150000 0.000000 -1.724982 0.623409 2.226322 3.272213 1.045891 
7.30 0.338522 -0.479300 -2.737382 -1.025000 1.150000 0.000000 -1.724982 0.623409 2.201681 3.272213 1.070547 
7.40 0.313522 -0.479300 -2.737382 -1.025000 1.150000 0.000000 -1.724982 0.623409 2.177049 3.272213 1.095219 
7.50 0.267550 -0.477222 -2.728961 -1.025000 1.150000 0.000000 -1.724982 0.623409 2.127838 3.272213 1.144581 
7.60 0.267550 -0.477222 -2.728961 -1.025000 1.150000 0.000000 -1.724982 0.623409 2.127838 3.272213 1.144581 
7.70 0.221561 -0.475004 -2.720540 -0.900000 1.125000 0.000000 -1.724982 0.623409 2.078501 3.153960 1.075481 
7.80 0.221561 -0.475004 -2.720540 -0.900000 1.125000 0.000000 -1.724982 0.623409 2.078501 3.153960 1.075481 
7.90 0.191550 -0.477047 -2.731066 -0.900000 1.125000 0.000000 -1.724982 0.623409 2.053840 3.153960 1.100121 
8.00 0.166550 -0.477047 -2.731066 -0.900000 1.125000 0.000000 -1.724982 0.623409 2.029232 3.153960 1.124733 
8.10 0.150563 -0.474280 -2.712119 -0.875000 1.125000 0.000000 -1.724982 0.623409 2.004634 3.133183 1.128551 
8.20 0.114547 -0.477060 -2.735277 -0.850000 1.100000 0.000000 -1.724982 0.623409 1.979964 3.098494 1.118562 
8.30 0.078476 -0.479005 -2.758435 -0.800000 1.100000 0.000000 -1.724982 0.623409 1.955405 3.057069 1.101693 
8.40 -0.005902 -0.480709 -2.830014 -0.775000 1.100000 0.000000 -1.724982 0.623409 1.906768 3.036453 1.129694 
8.50 -0.005902 -0.480709 -2.830014 -0.775000 1.100000 0.000000 -1.724982 0.623409 1.906768 3.036453 1.129694 
8.60 -0.030902 -0.480709 -2.830014 -0.725000 1.075000 0.000000 -1.724982 0.623409 1.882826 2.981107 1.098283 
8.70 -0.055902 -0.480709 -2.830014 -0.725000 1.075000 0.000000 -1.724982 0.623409 1.858911 2.981107 1.122220 
8.80 -0.069749 -0.482453 -2.806856 -0.725000 1.075000 0.000000 -1.724982 0.623409 1.835026 2.981107 1.146203 
8.90 -0.097304 -0.486902 -2.760540 -0.675000 1.075000 0.000000 -1.724982 0.623409 1.798923 2.940154 1.153358 
9.00 -0.097304 -0.486902 -2.760540 -0.675000 1.075000 0.000000 -1.724982 0.623409 1.786849 2.940154 1.153358 
9.10 -0.102735 -0.491403 -2.720540 -0.675000 1.075000 0.000000 -1.724982 0.623409 1.762573 2.940154 1.177728 
9.20 -0.144438 -0.493853 -2.703698 -0.675000 1.075000 0.000000 -1.724982 0.623409 1.713619 2.940154 1.226939 
9.30 -0.144438 -0.493853 -2.703698 -0.675000 1.075000 0.000000 -1.724982 0.623409 1.713619 2.940154 1.226939 
9.40 -0.162142 -0.496296 -2.688961 -0.675000 1.075000 0.000000 -1.724982 0.623409 1.689085 2.940154 1.251633 
9.50 -0.212142 -0.496296 -2.688961 -0.675000 1.075000 0.000000 -1.724982 0.623409 1.652205 2.940154 1.301159 
9.60 -0.254749 -0.487493 -2.724751 -0.675000 1.075000 0.000000 -1.724982 0.623409 1.627634 2.899484 1.301159 
9.70 -0.254749 -0.487493 -2.724751 -0.625000 1.075000 0.000000 -1.724982 0.623409 1.615353 2.899484 1.284552 
9.80 -0.297013 -0.477171 -2.760540 -0.625000 1.075000 0.000000 -1.724982 0.623409 1.590989 2.899484 1.309111 
9.90 -0.363881 -0.465343 -2.796329 -0.575000 1.050000 0.000000 -1.724982 0.623409 1.543025 2.844330 1.302319 
10.00 -0.363881 -0.465343 -2.796329 -0.575000 1.050000 0.000000 -1.724982 0.623409 1.543025 2.844330 1.302319 
10.10 -0.391812 -0.462878 -2.802645 -0.550000 1.050000 0.000000 -1.724982 0.623409 1.519222 2.824153 1.305902 
10.20 -0.419727 -0.460236 -2.808961 -0.525000 1.050000 0.000000 -1.724982 0.623409 1.495509 2.804053 1.309489 
10.30 -0.444727 -0.460236 -2.808961 -0.525000 1.050000 0.000000 -1.724982 0.623409 1.471889 2.804053 1.333539 
10.40 -0.460923 -0.469053 -2.790014 -0.475000 1.000000 0.000000 -1.724982 0.623409 1.448316 2.734113 1.288169 
10.50 -0.485923 -0.469053 -2.790014 -0.425000 0.975000 0.000000 -1.724982 0.623409 1.424634 2.679054 1.257008 
10.60 -0.510923 -0.469053 -2.790014 -0.400000 0.975000 0.000000 -1.724982 0.623409 1.400998 2.659033 1.260572 
10.70 -0.520846 -0.485740 -2.758435 -0.400000 0.975000 0.000000 -1.724982 0.623409 1.377411 2.659033 1.284827 
10.80 -0.530238 -0.502732 -2.726856 -0.375000 0.975000 0.000000 -1.724982 0.623409 1.353617 2.639097 1.288586 
10.90 -0.534690 -0.524534 -2.686856 -0.350000 0.975000 0.000000 -1.724982 0.623409 1.329631 2.619248 1.292568 
11.00 -0.554137 -0.530396 -2.676329 -0.350000 0.975000 0.000000 -1.724982 0.623409 1.305413 2.619248 1.317280 
11.10 -0.566700 -0.543664 -2.653172 -0.325000 0.975000 0.000000 -1.724982 0.623409 1.281159 2.599487 1.321521 
11.20 -0.591700 -0.543664 -2.653172 -0.300000 0.925000 0.000000 -1.724982 0.623409 1.256797 2.549141 1.297437 
11.30 -0.616700 -0.543664 -2.653172 -0.275000 0.925000 0.000000 -1.724982 0.623409 1.232460 2.529327 1.301591 
11.40 -0.628939 -0.558378 -2.630014 -0.225000 0.925000 0.000000 -1.724982 0.623409 1.208150 2.489979 1.285405 
11.50 -0.653939 -0.558378 -2.630014 -0.175000 0.925000 0.000000 -1.724982 0.623409 1.183737 2.451020 1.269816 
11.60 -0.678939 -0.558378 -2.630014 -0.150000 0.925000 0.000000 -1.724982 0.623409 1.159348 2.431692 1.274611 
11.70 -0.695634 -0.568691 -2.615277 -0.125000 0.925000 0.000000 -1.724982 0.623409 1.134986 2.412468 1.279513 
11.80 -0.720634 -0.568691 -2.615277 -0.125000 0.925000 0.000000 -1.724982 0.623409 1.110570 2.412468 1.304300 
11.90 -0.749211 -0.563970 -2.621593 -0.100000 0.900000 0.000000 -1.724982 0.623409 1.086180 2.377253 1.294056 
12.00 -0.770634 -0.568848 -2.615277 -0.050000 0.900000 0.000000 -1.724982 0.623409 1.061855 2.339088 1.279318 
12.10 -0.803930 -0.557062 -2.630014 -0.050000 0.900000 0.000000 -1.724982 0.623409 1.037525 2.339088 1.304062 
12.20 -0.837049 -0.544786 -2.644751 -0.050000 0.900000 0.000000 -1.724982 0.623409 1.013318 2.339088 1.328762 
12.30 -0.874196 -0.565180 -2.621593 0.000000 0.900000 0.000000 -1.724982 0.623409 0.977231 2.301377 1.338903 
12.40 -0.874196 -0.565180 -2.621593 0.000000 0.900000 0.000000 -1.724982 0.623409 0.965226 2.301377 1.338903 
12.50 -0.899196 -0.565180 -2.621593 0.000000 0.900000 0.000000 -1.724982 0.623409 0.941095 2.301377 1.363582 
12.60 -0.924196 -0.565180 -2.621593 0.025000 0.900000 0.000000 -1.724982 0.623409 0.917010 2.282698 1.368862 
12.70 -0.953365 -0.598782 -2.585803 0.050000 0.900000 0.000000 -1.724982 0.623409 0.880860 2.264142 1.399000 
12.80 -0.953365 -0.598782 -2.585803 0.050000 0.900000 0.000000 -1.724982 0.623409 0.868756 2.264142 1.399000 
12.90 -1.003365 -0.598782 -2.585803 0.050000 0.900000 0.000000 -1.724982 0.623409 0.820455 2.264142 1.448543 
13.00 -1.003365 -0.598782 -2.585803 0.050000 0.900000 0.000000 -1.724982 0.623409 0.820455 2.264142 1.448543 
13.10 -1.032127 -0.592276 -2.592119 0.075000 0.875000 0.000000 -1.724982 0.623409 0.796383 2.228827 1.438147 
13.20 -1.060846 -0.585587 -2.598435 0.125000 0.875000 0.000000 -1.724982 0.623409 0.772416 2.192070 1.424452 
13.30 -1.085846 -0.585587 -2.598435 0.125000 0.875000 0.000000 -1.724982 0.623409 0.748563 2.192070 1.449135 
13.40 -1.110846 -0.585587 -2.598435 0.125000 0.875000 0.000000 -1.724982 0.623409 0.724788 2.192070 1.473829 
13.50 -1.174095 -0.558550 -2.621593 0.175000 0.850000 0.000000 -1.724982 0.623409 0.677503 2.138545 1.468870 
13.60 -1.174095 -0.558550 -2.621593 0.175000 0.850000 0.000000 -1.724982 0.623409 0.677503 2.138545 1.468870 
13.70 -1.211707 -0.530634 -2.644751 0.225000 0.825000 0.000000 -1.724982 0.623409 0.654220 2.085146 1.439163 
13.80 -1.248662 -0.501855 -2.667908 0.250000 0.800000 0.000000 -1.724982 0.623409 0.631296 2.049796 1.428379 
13.90 -1.270467 -0.509889 -2.661593 0.300000 0.775000 0.000000 -1.724982 0.623409 0.608787 1.996527 1.398434 
14.00 -1.292221 -0.518061 -2.655277 0.300000 0.775000 0.000000 -1.724982 0.623409 0.586408 1.996527 1.422798 
14.10 -1.304872 -0.548423 -2.632119 0.350000 0.750000 0.000000 -1.724982 0.623409 0.564174 1.943406 1.392936 
14.20 -1.316816 -0.579070 -2.608961 0.350000 0.750000 0.000000 -1.724982 0.623409 0.541907 1.943406 1.417445 
14.30 -1.328048 -0.609986 -2.585803 0.425000 0.675000 0.000000 -1.724982 0.623409 0.519614 1.837340 1.336397 
14.40 -1.341248 -0.635512 -2.566856 0.475000 0.650000 0.000000 -1.724982 0.623409 0.497306 1.784383 1.306792 
14.50 -1.353962 -0.661283 -2.547908 0.525000 0.575000 0.000000 -1.724982 0.623409 0.475041 1.695918 1.245244 
14.60 -1.354417 -0.710201 -2.512119 0.575000 0.550000 0.000000 -1.724982 0.623409 0.452835 1.642969 1.215606 
14.70 -1.349913 -0.764795 -2.472119 0.575000 0.525000 0.000000 -1.724982 0.623409 0.430507 1.625208 1.224834 
14.80 -1.343230 -0.819165 -2.432119 0.650000 0.500000 0.000000 -1.724982 0.623409 0.408021 1.554874 1.175903 
14.90 -1.334377 -0.873224 -2.392119 0.650000 0.475000 0.000000 -1.724982 0.623409 0.385389 1.536908 1.185030 
15.00 -1.323370 -0.926887 -2.352119 0.700000 0.425000 0.000000 -1.724982 0.623409 0.362622 1.466202 1.139668 
15.10 -1.310226 -0.980066 -2.312119 0.700000 0.425000 0.000000 -1.724982 0.623409 0.339735 1.466202 1.164507 
15.20 -1.277614 -1.084635 -2.232119 0.750000 0.400000 0.000000 -1.724982 0.623409 0.293656 1.413490 1.159302 
15.30 -1.277614 -1.084635 -2.232119 0.750000 0.400000 0.000000 -1.724982 0.623409 0.293656 1.413490 1.159302 
15.40 -1.250704 -1.135558 -2.192119 0.775000 0.400000 0.000000 -1.724982 0.623409 0.277412 1.396363 1.157362 
15.50 -1.221780 -1.185364 -2.152119 0.775000 0.400000 0.000000 -1.724982 0.623409 0.261060 1.396363 1.174377 
15.60 -1.190887 -1.233974 -2.112119 0.775000 0.400000 0.000000 -1.724982 0.623409 0.244606 1.396363 1.191233 
15.70 -1.158074 -1.281310 -2.072119 0.800000 0.375000 0.000000 -1.724982 0.623409 0.228058 1.361033 1.172623 
15.80 -1.123395 -1.327295 -2.032119 0.825000 0.375000 0.000000 -1.724982 0.623409 0.211424 1.344168 1.170527 
15.90 -1.054610 -1.410496 -1.956329 0.850000 0.325000 0.000000 -1.724982 0.623409 0.177926 1.290377 1.150736 
