0.01 -0.492211 0.800318 1.601464 2.485502 1.689061 0.000000 1.619497 -1.678994 2.719340 4.105012 2.069498 
0.11 -0.483539 0.806758 1.583761 2.471261 1.682765 0.000000 1.619497 -1.678994 2.714989 4.090760 2.052658 
0.21 -0.540236 0.782577 1.659564 2.430826 1.689425 0.000000 1.619497 -1.678994 2.729832 4.050337 2.015218 
0.31 -0.551327 0.763168 1.680893 2.431467 1.694593 0.000000 1.619497 -1.678994 2.724473 4.050994 2.027178 
0.41 0.045986 -0.758433 -1.462390 2.381845 1.689844 0.000000 1.619497 -1.678994 2.932476 4.001357 2.369279 
0.51 -0.584076 0.741176 1.719394 2.353730 1.692080 0.000000 1.619497 -1.678994 2.723113 3.973249 1.962784 
0.61 0.120770 -0.719548 -1.381469 2.314721 1.718455 0.000000 1.619497 -1.678994 2.897093 3.934417 2.350386 
0.71 0.113517 -0.728924 -1.404723 2.273134 1.728986 0.000000 1.619497 -1.678994 2.898961 3.892953 2.318769 
0.81 0.120001 -0.746448 -1.429806 2.255365 1.752334 0.000000 1.619497 -1.678994 2.900864 3.875556 2.295752 
0.91 -0.629164 0.759029 1.690491 2.001860 1.619657 0.000000 1.619497 -1.678994 2.702729 3.621843 1.598385 
1.01 0.155137 -0.756938 -1.433844 2.253387 1.782721 0.000000 1.619497 -1.678994 2.892598 3.874274 2.280025 
1.11 0.180101 -0.722214 -1.393933 1.679950 1.647191 0.000000 1.619497 -1.678994 2.869244 3.299600 1.383426 
1.21 0.166815 -0.733297 -1.414960 1.725265 1.634713 0.000000 1.619497 -1.678994 2.875130 3.345056 1.859775 
1.31 -0.722482 0.695510 1.804451 1.741618 1.613218 0.000000 1.619497 -1.678994 2.713200 3.361759 1.397790 
1.41 -0.759639 0.666610 1.844173 1.709693 1.556885 0.000000 1.619497 -1.678994 2.711952 3.331429 1.324847 
1.51 -0.749361 0.674615 1.821064 1.724803 1.563588 0.000000 1.619497 -1.678994 2.700156 3.346291 1.339267 
1.61 0.233718 -0.684891 -1.353221 1.770633 1.583920 0.000000 1.619497 -1.678994 2.832859 3.391463 1.834720 
1.71 -0.761000 0.685733 1.801530 1.810860 1.608496 0.000000 1.619497 -1.678994 2.693689 3.431081 1.410334 
1.81 0.107338 -0.699513 -1.570796 1.829488 1.664164 0.000000 1.619497 -1.678994 2.801412 3.449018 1.923682 
1.91 -0.761621 0.697316 1.795529 1.834831 1.689250 0.000000 1.619497 -1.678994 2.699677 3.454344 1.478397 
2.01 0.259701 -0.684701 -1.341090 1.819444 1.716220 0.000000 1.619497 -1.678994 2.829031 3.439143 1.953942 
2.11 -0.837849 0.626471 1.899820 2.429367 1.952045 0.000000 1.619497 -1.678994 2.711196 4.058061 2.074973 
2.21 -0.824410 0.650299 1.855254 2.389803 2.000198 0.000000 1.619497 -1.678994 2.696497 4.022146 2.071242 
2.31 0.318474 -0.658919 -1.303343 1.776136 1.773140 0.000000 1.619497 -1.678994 2.803872 3.396938 1.950938 
2.41 -0.792321 0.702644 1.772704 1.821926 1.880272 0.000000 1.619497 -1.678994 2.678462 3.447304 1.581101 
2.51 0.307163 -0.682281 -1.330488 1.824766 1.921202 0.000000 1.619497 -1.678994 2.815726 3.452769 2.091173 
2.61 0.321807 -0.658317 -1.303841 1.800301 1.962611 0.000000 1.619497 -1.678994 2.802009 3.431538 2.121572 
2.71 0.352650 -0.629534 -1.265917 1.784027 1.980060 0.000000 1.619497 -1.678994 2.784842 3.416814 1.641888 
2.81 -0.867181 0.619239 1.884733 1.765232 1.986792 0.000000 1.619497 -1.678994 2.687894 3.398696 1.629882 
2.91 0.385960 -0.603538 -1.229347 1.758103 1.985457 0.000000 1.619497 -1.678994 2.770024 3.391475 2.109614 
3.01 -0.877225 0.653951 1.838633 1.754126 1.969402 0.000000 1.619497 -1.678994 2.678433 3.386100 1.573355 
3.11 -0.879536 0.668570 1.826030 1.751493 1.958735 0.000000 1.619497 -1.678994 2.680665 3.382578 1.551860 
3.21 0.407143 -0.662287 -1.300068 1.759241 1.934793 0.000000 1.619497 -1.678994 2.782668 3.388408 1.995383 
3.31 0.432561 -0.621873 -1.256903 1.765096 1.930794 0.000000 1.619497 -1.678994 2.761750 3.393947 1.511142 
3.41 -0.943058 0.612207 1.893297 1.781469 1.913515 0.000000 1.619497 -1.678994 2.683805 3.409042 1.511659 
3.51 0.436911 -0.601548 -1.242652 1.786113 1.904248 0.000000 1.619497 -1.678994 2.749043 3.413051 1.998766 
3.61 0.442934 -0.596325 -1.235592 1.809931 1.888267 0.000000 1.619497 -1.678994 2.746575 3.435808 1.997113 
3.71 0.443869 -0.600934 -1.235842 1.807430 1.877771 0.000000 1.619497 -1.678994 2.750721 3.432688 1.984819 
3.81 -0.951869 0.600934 1.905751 1.813428 1.873779 0.000000 1.619497 -1.678994 2.684275 3.438447 1.498291 
3.91 -0.945487 0.606879 1.893066 1.810951 1.863316 0.000000 1.619497 -1.678994 2.678136 3.435397 1.489447 
4.01 -0.957156 0.607658 1.902935 1.816971 1.859329 0.000000 1.619497 -1.678994 2.688043 3.441197 1.481293 
4.11 -0.936869 0.633364 1.864355 1.661569 1.749780 0.000000 1.619497 -1.678994 2.677021 3.281829 1.299544 
4.21 -0.932790 0.664413 1.834430 1.815742 1.854110 0.000000 1.619497 -1.678994 2.678742 3.439700 1.461703 
4.31 0.418535 -0.685628 -1.326821 1.815742 1.854110 0.000000 1.619497 -1.678994 2.786007 3.439700 1.924770 
4.41 0.371894 -0.753058 -1.421520 1.815742 1.854110 0.000000 1.619497 -1.678994 2.807048 3.439700 1.893796 
4.51 0.354484 -0.773145 -1.442372 1.807266 1.847671 0.000000 1.619497 -1.678994 2.819183 3.430912 1.425724 
4.61 -0.879158 0.761063 1.718549 1.807266 1.847671 0.000000 1.619497 -1.678994 2.666000 3.430912 1.429735 
4.71 0.367816 -0.761110 -1.422523 1.807266 1.847671 0.000000 1.619497 -1.678994 2.815413 3.430912 1.883775 
4.81 0.354484 -0.773145 -1.442372 1.804829 1.837275 0.000000 1.619497 -1.678994 2.819183 3.427983 1.869952 
4.91 0.354484 -0.773145 -1.442372 1.804829 1.837275 0.000000 1.619497 -1.678994 2.819183 3.427983 1.869952 
5.01 0.354484 -0.773145 -1.442372 1.781938 1.828450 0.000000 1.619497 -1.678994 2.819183 3.404718 1.850380 
5.11 0.384193 -0.748785 -1.403270 1.804829 1.837275 0.000000 1.619497 -1.678994 2.810006 3.427983 1.873986 
5.21 0.363532 -0.764460 -1.423415 1.804829 1.837275 0.000000 1.619497 -1.678994 2.819568 3.427983 1.875763 
5.31 -0.858682 0.780785 1.698801 1.804829 1.837275 0.000000 1.619497 -1.678994 2.669626 3.427983 1.423291 
5.41 -0.825176 0.819633 1.661176 1.798806 1.841248 0.000000 1.619497 -1.678994 2.677403 3.422152 1.421302 
5.51 0.249312 -0.869445 -1.560536 1.665201 1.735877 0.000000 1.619497 -1.678994 2.876971 3.285190 1.692853 
5.61 0.163193 -0.938805 -1.654270 1.806045 1.842470 0.000000 1.619497 -1.678994 2.920097 3.429441 1.829396 
5.71 0.084249 -0.982518 -1.742154 1.806045 1.842470 0.000000 1.619497 -1.678994 2.943145 3.429441 1.805709 
5.81 -0.479213 1.028825 1.287863 1.798806 1.841248 0.000000 1.619497 -1.678994 2.643248 3.422152 1.445319 
5.91 -0.448081 1.041027 1.260337 1.790363 1.834841 0.000000 1.619497 -1.678994 2.644419 3.413420 1.436840 
6.01 -0.328129 1.073419 1.144722 1.798806 1.841248 0.000000 1.619497 -1.678994 2.633495 3.422152 1.457115 
6.11 -0.321603 1.081072 1.140461 1.790363 1.834841 0.000000 1.619497 -1.678994 2.639279 3.413420 1.441844 
6.21 -0.203773 1.102169 1.031976 1.780733 1.823282 0.000000 1.619497 -1.678994 2.633840 3.403291 1.433451 
6.31 -0.118191 1.105184 0.952961 1.721224 1.774037 0.000000 1.619497 -1.678994 2.626796 3.342073 1.366157 
6.41 0.012965 1.093671 0.834775 1.718927 1.763899 0.000000 1.619497 -1.678994 2.618860 3.339504 1.374582 
6.51 0.046011 1.093321 0.807049 1.792772 1.815365 0.000000 1.619497 -1.678994 2.621519 3.414993 1.461781 
6.61 0.052916 1.095652 0.779804 1.800008 1.816565 0.000000 1.619497 -1.678994 2.602130 3.422272 1.462543 
6.71 0.048748 1.089428 0.771474 1.807257 1.817766 0.000000 1.619497 -1.678994 2.587649 3.429563 1.473848 
6.81 0.075023 1.085252 0.721266 1.801325 1.792007 0.000000 1.619497 -1.678994 2.560949 3.422689 1.453041 
6.91 0.050637 1.100142 0.725473 1.807408 1.788050 0.000000 1.619497 -1.678994 2.547636 3.428640 1.441466 
7.01 0.078863 1.088272 0.658294 2.401642 1.990968 0.000000 1.619497 -1.678994 2.502413 4.033223 2.046722 
7.11 0.013493 1.093945 0.676000 2.417503 1.961308 0.000000 1.619497 -1.678994 2.460181 4.046859 2.055256 
7.21 0.078543 1.070042 0.592144 2.445967 1.927633 0.000000 1.619497 -1.678994 2.429866 4.073060 2.086935 
7.31 0.158461 1.024828 0.486262 2.456688 1.907870 0.000000 1.619497 -1.678994 2.393406 4.082606 2.129450 
7.41 -0.025378 1.089550 0.629249 2.468013 1.893333 0.000000 1.619497 -1.678994 2.373179 4.093127 2.099415 
7.51 -0.073004 1.106989 0.648146 2.486866 1.889736 0.000000 1.619497 -1.678994 2.353136 4.111768 2.109487 
7.61 -0.043747 1.103427 0.589158 2.486866 1.889736 0.000000 1.619497 -1.678994 2.316708 4.111768 2.132432 
7.71 -0.044861 1.094447 0.564326 2.500156 1.895958 0.000000 1.619497 -1.678994 2.286689 4.125362 2.170311 
7.81 -0.083816 1.098088 0.564533 1.962171 1.812705 0.000000 1.619497 -1.678994 2.249968 3.584163 1.671908 
7.91 -0.012276 1.075737 0.473755 1.969625 1.813865 0.000000 1.619497 -1.678994 2.218142 3.591655 1.715695 
8.01 -0.018999 1.080742 0.436876 1.970781 1.819086 0.000000 1.619497 -1.678994 2.172614 3.593011 1.742130 
8.11 -0.125076 1.109665 0.520538 1.974269 1.834780 0.000000 1.619497 -1.678994 2.164093 3.597142 1.731916 
8.21 -0.102930 1.119622 0.465479 1.981716 1.835950 0.000000 1.619497 -1.678994 2.126251 3.604632 1.758246 
8.31 0.013569 1.098982 0.334919 1.981716 1.835950 0.000000 1.619497 -1.678994 2.095451 3.604632 1.758246 
8.41 -0.138206 1.127611 0.435926 1.980139 1.861050 0.000000 1.619497 -1.678994 2.059237 3.604237 1.806602 
8.51 -0.159245 1.129850 0.434609 1.980139 1.861050 0.000000 1.619497 -1.678994 2.037226 3.604237 1.806602 
8.61 -0.166867 1.133435 0.407441 1.980139 1.861050 0.000000 1.619497 -1.678994 1.999073 3.604237 1.806602 
8.71 -0.123538 1.133390 0.347253 1.901192 1.919247 0.000000 1.619497 -1.678994 1.973518 3.528877 1.822290 
8.81 -0.207093 1.153442 0.380387 1.856838 1.967730 0.000000 1.619497 -1.678994 1.929973 3.488306 1.816424 
8.91 -0.161074 1.149406 0.320814 1.819969 1.986696 0.000000 1.619497 -1.678994 1.906417 3.453202 1.818670 
9.01 -0.204326 1.154249 0.322546 1.775991 2.029953 0.000000 1.619497 -1.678994 1.865384 3.413578 1.824885 
9.11 -0.218505 1.158596 0.309883 1.760094 2.047580 0.000000 1.619497 -1.678994 1.836636 3.399631 1.837909 
9.21 -0.259186 1.156063 0.314759 1.723160 2.061079 0.000000 1.619497 -1.678994 1.801572 3.364424 1.837058 
9.31 -0.272053 1.152619 0.309560 1.707635 2.078751 0.000000 1.619497 -1.678994 1.782567 3.351062 1.848437 
9.41 -0.342903 1.157549 0.334292 1.702024 2.082825 0.000000 1.619497 -1.678994 1.740863 3.345980 1.857363 
9.51 -0.308436 1.164941 0.280786 1.689509 2.111571 0.000000 1.619497 -1.678994 1.712906 3.337162 1.894197 
9.61 -0.294948 1.172635 0.224823 1.689509 2.111571 0.000000 1.619497 -1.678994 1.661297 3.337162 1.894197 
9.71 -0.395916 1.166221 0.298259 1.689509 2.111571 0.000000 1.619497 -1.678994 1.645885 3.337162 1.894197 
9.81 -0.400222 1.165259 0.261011 1.827301 1.751759 0.000000 1.619497 -1.678994 1.598173 3.447567 1.983377 
9.91 -0.467019 1.156338 0.296504 1.804308 1.743253 0.000000 1.619497 -1.678994 1.572555 3.424409 1.977585 
10.01 -0.519969 1.157690 0.304800 1.566855 2.164488 0.000000 1.619497 -1.678994 1.529331 3.223127 1.939105 
10.11 -0.577111 1.151601 0.332966 1.516114 2.164047 0.000000 1.619497 -1.678994 1.505161 3.172906 1.904351 
10.21 -0.593405 1.162014 0.303865 1.413357 2.173068 0.000000 1.619497 -1.678994 1.454951 3.072835 1.857247 
10.31 -0.639200 1.156176 0.319703 1.348893 2.179802 0.000000 1.619497 -1.678994 1.427696 3.010341 1.819961 
10.41 -0.623759 1.183162 0.263597 1.276284 2.195096 0.000000 1.619497 -1.678994 1.377361 2.941413 1.805043 
10.51 -0.709896 1.164204 0.319372 1.276284 2.195096 0.000000 1.619497 -1.678994 1.357139 2.941413 1.805043 
10.61 -0.731497 1.176446 0.298706 1.004595 1.821129 0.000000 1.619497 -1.678994 1.311280 2.627939 1.440359 
10.71 -0.817714 1.149835 0.349556 0.969776 1.856921 0.000000 1.619497 -1.678994 1.285160 2.595379 1.433028 
10.81 -0.862330 1.145496 0.356779 0.886709 1.871373 0.000000 1.619497 -1.678994 1.249214 2.513579 1.386722 
10.91 -0.878631 1.144462 0.355585 0.886709 1.871373 0.000000 1.619497 -1.678994 1.231425 2.513579 1.386722 
11.01 -0.942500 1.127385 0.375963 0.899293 2.259036 0.000000 1.619497 -1.678994 1.191190 2.584716 1.613130 
11.11 -0.987321 1.114462 0.391988 0.828969 2.286150 0.000000 1.619497 -1.678994 1.164986 2.522623 1.582288 
11.21 -1.036773 1.110961 0.401000 1.190946 2.244231 0.000000 1.619497 -1.678994 1.127035 2.866720 1.896667 
11.31 -1.174537 1.029006 0.504714 1.156122 2.262784 0.000000 1.619497 -1.678994 1.109121 2.836348 1.864227 
11.41 -1.123474 1.100162 0.419877 1.087758 2.300416 0.000000 1.619497 -1.678994 1.064322 2.777661 1.864068 
11.51 -1.092154 1.140907 0.372323 1.037727 2.294436 0.000000 1.619497 -1.678994 1.040510 2.727565 1.840069 
11.61 -1.152449 1.120544 0.392637 0.485978 2.426670 0.000000 1.619497 -1.678994 1.004179 2.234288 1.470433 
11.71 -1.153832 1.133886 0.373863 0.885086 2.313893 0.000000 1.619497 -1.678994 0.980520 2.583803 1.757216 
11.81 -1.186417 1.149577 0.365377 0.745842 2.290117 0.000000 1.619497 -1.678994 0.939813 2.443011 1.646482 
11.91 -1.213453 1.148537 0.369263 0.659365 2.262937 0.000000 1.619497 -1.678994 0.918234 2.352489 1.569394 
12.01 -1.241986 1.167015 0.353832 0.528059 2.224320 0.000000 1.619497 -1.678994 0.872501 2.215712 1.466225 
12.11 -1.239446 1.188313 0.334292 0.487197 2.222629 0.000000 1.619497 -1.678994 0.851825 2.175707 1.445352 
12.21 -1.262411 1.210583 0.321288 0.390898 2.197815 0.000000 1.619497 -1.678994 0.814690 2.076262 1.370632 
12.31 -1.271762 1.228808 0.306173 0.248373 2.068769 0.000000 1.619497 -1.678994 0.787087 1.908105 1.205576 
12.41 -1.282840 1.263236 0.280338 0.187930 2.085517 0.000000 1.619497 -1.678994 0.744442 1.852581 1.189267 
12.51 -1.273256 1.289172 0.257012 0.165645 2.111402 0.000000 1.619497 -1.678994 0.723940 1.836767 1.198405 
12.61 -1.289108 1.310252 0.239748 0.114866 2.139410 0.000000 1.619497 -1.678994 0.685737 1.794436 1.195520 
12.71 -1.302321 1.334577 0.218285 0.092623 2.165958 0.000000 1.619497 -1.678994 0.643996 1.780026 1.207593 
12.81 -1.299145 1.364809 0.197636 0.038325 2.199488 0.000000 1.619497 -1.678994 0.619575 1.737610 1.207384 
12.91 -1.294990 1.383067 0.180236 -0.000298 2.225352 0.000000 1.619497 -1.678994 0.599642 1.708893 1.205134 
13.01 -1.333306 1.383248 0.177060 -0.080313 2.298490 0.000000 1.619497 -1.678994 0.556826 1.659176 1.212430 
13.11 -1.353444 1.404515 0.156630 -0.123752 2.315479 0.000000 1.619497 -1.678994 0.508137 1.625536 1.200012 
13.21 -1.451055 1.337848 0.213395 -0.137884 2.489773 0.000000 1.619497 -1.678994 0.488915 1.688946 1.326438 
13.31 -1.445206 1.366752 0.188822 -0.164706 2.526734 0.000000 1.619497 -1.678994 0.461162 1.683770 1.352822 
13.41 -1.492126 1.365750 0.188393 -0.229763 2.550410 0.000000 1.619497 -1.678994 0.413632 1.640344 1.350742 
13.51 -1.528450 1.366766 0.185494 -0.320139 2.562518 0.000000 1.619497 -1.678994 0.373238 1.571289 1.320404 
13.61 -1.493250 1.417681 0.144298 -0.393523 2.400354 0.000000 1.619497 -1.678994 0.351024 1.422453 1.177964 
13.71 -1.564121 1.374666 0.178947 -0.444926 2.452789 0.000000 1.619497 -1.678994 0.328542 1.406548 1.181886 
13.81 -1.575510 1.407262 0.155869 -0.558385 2.586515 0.000000 1.619497 -1.678994 0.284999 1.396265 1.230250 
13.91 -1.569367 1.438273 0.136490 -0.612438 2.628098 0.000000 1.619497 -1.678994 0.263567 1.383824 1.239715 
14.01 -1.686953 1.344602 0.206960 -0.712158 2.631100 0.000000 1.619497 -1.678994 0.245392 1.315208 1.173451 
14.11 -1.658794 1.389495 0.170447 -0.792301 2.652998 0.000000 1.619497 -1.678994 0.222235 1.277865 1.171626 
14.21 -1.697986 1.362166 0.189245 -0.821777 2.654868 0.000000 1.619497 -1.678994 0.209206 1.260432 1.158830 
14.31 -1.750147 1.316850 0.219618 -0.854953 2.645263 0.000000 1.619497 -1.678994 0.198665 1.232155 1.130769 
