0.07 2.007916 -0.475987 -1.497219 -0.497102 2.501539 0.000000 1.662405 0.928824 3.688976 3.622889 1.240271 
0.17 2.007916 -0.475987 -1.497219 -0.505223 2.501490 0.000000 1.662405 0.928824 3.688976 3.620238 1.240271 
0.27 1.996181 -0.540497 -1.525586 -0.505202 2.507050 0.000000 1.662405 0.928824 3.695589 3.625513 1.246419 
0.37 1.996181 -0.540497 -1.525586 -0.505202 2.507050 0.000000 1.662405 0.928824 3.695589 3.625513 1.256097 
0.47 2.017900 -0.410763 -1.468638 -0.505202 2.507050 0.000000 1.662405 0.928824 3.682517 3.625513 1.243711 
0.57 2.017900 -0.410763 -1.468638 -0.505223 2.501490 0.000000 1.662405 0.928824 3.682517 3.620238 1.243711 
0.67 1.997755 -0.472073 -1.496234 -0.505202 2.507050 0.000000 1.662405 0.928824 3.679084 3.625513 1.252059 
0.77 1.995704 -0.373093 -1.446670 -0.501163 2.501513 0.000000 1.662405 0.928824 3.659747 3.621560 1.254140 
0.87 1.983604 -0.198532 -1.364065 -0.505202 2.507050 0.000000 1.662405 0.928824 3.623648 3.625513 1.261930 
0.97 1.963232 -0.086311 -1.309703 -0.509267 2.507030 0.000000 1.662405 0.928824 3.596142 3.624200 1.268448 
1.07 1.903625 -0.131097 -1.325406 -0.509267 2.507030 0.000000 1.662405 0.928824 3.549485 3.624200 1.298777 
1.17 1.882375 -0.089440 -1.306683 -0.505202 2.507050 0.000000 1.662405 0.928824 3.525716 3.625513 1.296746 
1.27 1.839898 0.015029 -1.255898 -0.505202 2.507050 0.000000 1.662405 0.928824 3.481001 3.625513 1.300840 
1.37 1.816351 0.030245 -1.246427 -0.505202 2.507050 0.000000 1.662405 0.928824 3.460033 3.625513 1.309869 
1.47 1.758300 0.191210 -1.162968 -0.509267 2.507030 0.000000 1.662405 0.928824 3.410104 3.624200 1.315614 
1.57 1.736129 0.209769 -1.150555 -0.509267 2.507030 0.000000 1.662405 0.928824 3.392074 3.624200 1.323754 
1.67 1.652102 0.426370 -1.035174 -0.509267 2.507030 0.000000 1.662405 0.928824 3.341464 3.624200 1.313940 
1.77 1.615719 0.477295 -1.005037 -0.509267 2.507030 0.000000 1.662405 0.928824 3.318696 3.624200 1.316369 
1.87 1.596823 0.384258 -1.055759 -0.509267 2.507030 0.000000 1.662405 0.928824 3.280272 3.624200 1.336275 
1.97 1.499845 0.619316 -0.921499 -0.509267 2.507030 0.000000 1.662405 0.928824 3.247956 3.624200 1.315798 
2.07 1.488624 0.524591 -0.970489 -0.509267 2.507030 0.000000 1.662405 0.928824 3.210378 3.624200 1.344040 
2.17 1.445284 0.594674 -0.928515 -0.505202 2.507050 0.000000 1.662405 0.928824 3.189930 3.625513 1.337076 
2.27 1.345114 0.716163 -0.846641 -0.505223 2.501490 0.000000 1.662405 0.928824 3.143390 3.620238 1.333700 
2.37 1.364609 0.631426 -0.898250 -0.497102 2.501539 0.000000 1.662405 0.928824 3.128120 3.622889 1.345819 
2.47 1.308139 0.706532 -0.847421 -0.505223 2.501490 0.000000 1.662405 0.928824 3.105652 3.620238 1.348154 
2.57 1.219924 0.792237 -0.783266 -0.505223 2.501490 0.000000 1.662405 0.928824 3.065879 3.620238 1.349867 
2.67 1.171837 0.793942 -0.782605 -0.497130 2.495995 0.000000 1.662405 0.928824 3.018600 3.617630 1.347226 
2.77 1.167956 0.766658 -0.799974 -0.505223 2.501490 0.000000 1.662405 0.928824 3.000647 3.620238 1.366456 
2.87 1.106569 0.784954 -0.783086 -0.509284 2.501471 0.000000 1.662405 0.928824 2.952454 3.618924 1.379614 
2.97 0.983996 0.928019 -0.661436 -0.501187 2.495969 0.000000 1.662405 0.928824 2.936892 3.616301 1.358152 
3.07 0.949933 0.908262 -0.675020 -0.497130 2.495995 0.000000 1.662405 0.928824 2.890012 3.617630 1.369086 
3.17 0.881632 0.967080 -0.622718 -0.497130 2.495995 0.000000 1.662405 0.928824 2.873853 3.617630 1.361055 
3.27 0.848229 0.957335 -0.630715 -0.505223 2.501490 0.000000 1.662405 0.928824 2.833427 3.620238 1.378324 
3.37 0.781252 1.005639 -0.584704 -0.497130 2.495995 0.000000 1.662405 0.928824 2.815548 3.617630 1.362297 
3.47 0.694912 1.035713 -0.547429 -0.497130 2.495995 0.000000 1.662405 0.928824 2.770761 3.617630 1.366161 
3.57 0.665400 1.043112 -0.539791 -0.497130 2.495995 0.000000 1.662405 0.928824 2.751354 3.617630 1.366904 
3.67 0.610026 1.060512 -0.527602 -0.574888 2.592444 0.000000 1.662405 0.928824 2.715331 3.618924 1.373257 
3.77 0.599132 1.049443 -0.539954 -0.497130 2.495995 0.000000 1.662405 0.928824 2.691790 3.617630 1.371443 
3.87 0.587527 1.016094 -0.573745 -0.489014 2.496057 0.000000 1.662405 0.928824 2.643591 3.620312 1.392147 
3.97 0.481547 1.079401 -0.501336 -0.562209 2.529486 0.000000 1.662405 0.928824 2.625047 3.629096 1.429483 
4.07 0.465060 1.064267 -0.523219 -0.566288 2.529516 0.000000 1.662405 0.928824 2.586650 3.627890 1.443120 
4.17 0.452887 1.060771 -0.534254 -0.493103 2.490494 0.000000 1.662405 0.928824 2.565353 3.613724 1.389855 
4.27 0.423524 1.064829 -0.545192 -0.562267 2.540771 0.000000 1.662405 0.928824 2.531182 3.639835 1.458953 
4.37 0.437719 1.045586 -0.579334 -0.566385 2.546468 0.000000 1.662405 0.928824 2.509257 3.644025 1.476482 
4.47 0.407378 1.048626 -0.590547 -0.554160 2.557765 0.000000 1.662405 0.928824 2.472863 3.658485 1.492175 
4.57 0.315707 1.085765 -0.534422 -0.562382 2.563530 0.000000 1.662405 0.928824 2.450285 3.661500 1.495010 
4.67 0.308618 1.074280 -0.564801 -0.574765 2.575110 0.000000 1.662405 0.928824 2.413118 3.668857 1.524890 
4.77 0.275942 1.079619 -0.553553 -0.596043 2.645605 0.000000 1.662405 0.928824 2.395190 3.730104 1.603892 
4.87 0.355969 1.021535 -0.669167 -0.650119 2.646761 0.000000 1.662405 0.928824 2.348732 3.716118 1.651390 
4.97 0.338386 1.026979 -0.666977 -0.683604 2.653783 0.000000 1.662405 0.928824 2.335590 3.713910 1.667425 
5.07 0.309752 1.029743 -0.682197 -0.763354 2.663331 0.000000 1.662405 0.928824 2.295848 3.702954 1.706001 
5.17 0.279911 1.037507 -0.669056 -0.805188 2.659779 0.000000 1.662405 0.928824 2.281635 3.689565 1.715242 
5.27 0.264580 1.027132 -0.695231 -0.877780 2.677020 0.000000 1.662405 0.928824 2.240384 3.690223 1.770087 
5.37 0.256824 1.023787 -0.708198 -0.918573 2.650411 0.000000 1.662405 0.928824 2.220290 3.655709 1.763528 
5.47 0.243384 1.025842 -0.733355 -0.973411 2.584922 0.000000 1.662405 0.928824 2.185054 3.580660 1.724474 
5.57 0.219811 1.023369 -0.734359 -1.000250 2.605056 0.000000 1.662405 0.928824 2.160792 3.595380 1.764045 
5.67 0.218420 1.005534 -0.772764 -1.051182 2.446926 0.000000 1.662405 0.928824 2.119381 3.430638 1.653680 
5.77 0.224916 0.989997 -0.807347 -1.075795 2.390459 0.000000 1.662405 0.928824 2.090322 3.370719 1.627459 
5.87 0.176836 1.006046 -0.798365 -1.165800 2.368809 0.000000 1.662405 0.928824 2.055205 3.334816 1.641693 
5.97 0.193436 1.000723 -0.834412 -0.775135 2.201951 0.000000 1.662405 0.928824 2.036351 3.254074 1.396154 
6.07 0.193437 0.996139 -0.877501 -1.211684 2.191794 0.000000 1.662405 0.928824 1.994649 3.153000 1.517196 
6.17 0.192107 0.988348 -0.898114 -1.232169 2.145676 0.000000 1.662405 0.928824 1.972541 3.104457 1.496102 
6.27 0.119279 0.993001 -0.870187 -1.268010 2.087937 0.000000 1.662405 0.928824 1.927950 3.042432 1.477662 
6.37 0.087923 0.997966 -0.863913 -0.904399 2.026018 0.000000 1.662405 0.928824 1.903953 3.050519 1.326588 
6.47 0.121653 0.979684 -0.941860 -0.964676 1.989080 0.000000 1.662405 0.928824 1.859625 3.000165 1.336830 
6.57 0.111356 0.979021 -0.956616 -1.358339 1.867022 0.000000 1.662405 0.928824 1.835076 2.812332 1.362313 
6.67 0.106646 0.977869 -0.995221 -1.442571 1.793385 0.000000 1.662405 0.928824 1.792898 2.731071 1.354836 
6.77 0.088702 0.975263 -1.002456 -1.505604 1.791343 0.000000 1.662405 0.928824 1.767829 2.724682 1.398217 
6.87 0.076290 0.968397 -1.042000 -1.249601 1.831122 0.000000 1.662405 0.928824 1.716926 2.790647 1.354339 
6.97 0.083940 0.967458 -1.071634 -1.309468 1.823498 0.000000 1.662405 0.928824 1.695874 2.774858 1.380507 
7.07 0.032687 0.968581 -1.066532 -1.375277 1.782598 0.000000 1.662405 0.928824 1.649555 2.726583 1.395954 
7.17 0.017864 0.965891 -1.074016 -1.405790 1.755789 0.000000 1.662405 0.928824 1.627571 2.696850 1.398985 
7.27 -0.036147 0.970307 -1.059076 -1.452068 1.718045 0.000000 1.662405 0.928824 1.587928 2.655213 1.403679 
7.37 -0.047012 0.965349 -1.067619 -1.512697 1.736600 0.000000 1.662405 0.928824 1.568912 2.669625 1.461933 
7.47 -0.107238 0.973333 -1.052630 -1.547194 1.656128 0.000000 1.662405 0.928824 1.523065 2.587518 1.423514 
7.57 -0.131252 0.976983 -1.053071 -1.550251 1.598685 0.000000 1.662405 0.928824 1.498600 2.529996 1.384169 
7.67 -0.173874 0.971998 -1.053542 -1.624702 1.523799 0.000000 1.662405 0.928824 1.455557 2.452913 1.381221 
7.77 -0.179677 0.972302 -1.069728 -1.659273 1.474269 0.000000 1.662405 0.928824 1.434070 2.403095 1.369462 
7.87 -0.220815 0.972629 -1.070357 -1.680293 1.360506 0.000000 1.662405 0.928824 1.392332 2.289400 1.304843 
7.97 -0.245003 0.976847 -1.070895 -1.667495 1.304796 0.000000 1.662405 0.928824 1.367515 2.233625 1.259249 
8.07 -0.250419 0.977559 -1.114038 -1.783327 1.257391 0.000000 1.662405 0.928824 1.320540 2.189556 1.318131 
8.17 -0.283554 0.974618 -1.102040 -1.729579 1.184364 0.000000 1.662405 0.928824 1.299156 2.114256 1.236875 
8.27 -0.335878 0.976286 -1.095993 -1.894288 1.130706 0.000000 1.662405 0.928824 1.252600 2.072543 1.314405 
8.37 -0.370081 0.977796 -1.081922 -1.920335 1.092903 0.000000 1.662405 0.928824 1.231831 2.038114 1.304836 
8.47 -0.415633 0.977617 -1.082643 -1.983511 1.017394 0.000000 1.662405 0.928824 1.185642 1.972529 1.308948 
8.57 -0.446083 0.976103 -1.075288 -2.040125 0.964466 0.000000 1.662405 0.928824 1.162328 1.930601 1.317814 
8.67 -0.514547 0.968489 -1.050581 -2.032367 0.874215 0.000000 1.662405 0.928824 1.117799 1.840603 1.257354 
8.77 -0.513636 0.970664 -1.075946 -2.101806 0.832159 0.000000 1.662405 0.928824 1.094441 1.814975 1.298077 
8.87 0.105264 -0.942678 2.124311 -2.248899 0.789873 0.000000 1.662405 0.928824 1.558854 1.816010 1.443618 
8.97 -0.673562 0.929505 -0.976821 -2.178870 0.737644 0.000000 1.662405 0.928824 1.029055 1.744664 1.290663 
9.07 -0.059688 1.121893 -1.570796 -2.304327 0.684829 0.000000 1.662405 0.928824 1.023500 1.736646 1.397303 
9.17 -0.676972 0.965129 -1.043941 -2.293647 0.652512 0.000000 1.662405 0.928824 0.961795 1.702671 1.348433 
9.27 -0.741229 0.951552 -1.026276 -2.324493 0.558283 0.000000 1.662405 0.928824 0.914466 1.627835 1.326039 
9.37 -0.752279 0.953087 -1.035282 -2.315775 0.501322 0.000000 1.662405 0.928824 0.894817 1.572326 1.294312 
9.47 0.266549 -0.966058 2.096323 -2.328493 0.389668 0.000000 1.662405 0.928824 1.370930 1.477192 1.365825 
9.57 -0.757579 0.986092 -1.074087 -2.331111 0.356369 0.000000 1.662405 0.928824 0.851828 1.448755 1.233788 
9.67 0.253231 -1.006494 2.050542 -2.316254 0.269884 0.000000 1.662405 0.928824 1.338613 1.365438 1.306845 
9.77 -0.683694 1.045149 -1.176081 -2.320616 0.227612 0.000000 1.662405 0.928824 0.823666 1.330633 1.184554 
9.87 -0.748979 1.038120 -1.153986 -2.312948 0.194536 0.000000 1.662405 0.928824 0.780562 1.298131 1.155602 
9.97 -0.769590 1.039865 -1.154689 -2.333678 0.163063 0.000000 1.662405 0.928824 0.759256 1.281727 1.160848 
10.07 -0.766087 1.057232 -1.192862 -2.362987 0.113240 0.000000 1.662405 0.928824 0.725285 1.255672 1.180782 
10.17 -0.750645 1.077183 -1.219267 -2.376521 0.098950 0.000000 1.662405 0.928824 0.712860 1.251512 1.188347 
10.27 -0.698695 1.122378 -1.273931 -2.448347 0.052122 0.000000 1.662405 0.928824 0.703534 1.256964 1.234543 
10.37 -0.701203 1.122474 -1.268689 -2.476433 0.026888 0.000000 1.662405 0.928824 0.705757 1.255399 1.249845 
10.47 -0.684296 1.130426 -1.288878 -2.526273 -0.014718 0.000000 1.662405 0.928824 0.701856 1.257719 1.292436 
10.57 -0.712585 1.120625 -1.268932 -2.554183 -0.031690 0.000000 1.662405 0.928824 0.695082 1.264957 1.310911 
10.67 -0.777254 1.101165 -1.235816 -2.601270 -0.046714 0.000000 1.662405 0.928824 0.666811 1.288249 1.345706 
10.77 -0.794562 1.085764 -1.234578 -2.610365 -0.061607 0.000000 1.662405 0.928824 0.655115 1.284793 1.363842 
10.87 -0.904805 1.052825 -1.184351 -2.608086 -0.084270 0.000000 1.662405 0.928824 0.597965 1.267906 1.340303 
10.97 -0.962697 1.028858 -1.157993 -2.643011 -0.098187 0.000000 1.662405 0.928824 0.568123 1.285125 1.365689 
11.07 -1.107870 0.946654 -1.064612 -2.702594 -0.134382 0.000000 1.662405 0.928824 0.513653 1.308866 1.389239 
11.17 -1.110859 0.954711 -1.082378 -2.712321 -0.149877 0.000000 1.662405 0.928824 0.495510 1.307318 1.401376 
11.27 -1.194069 0.923616 -1.044486 -2.727134 -0.189930 0.000000 1.662405 0.928824 0.446660 1.295999 1.381556 
11.37 -1.226880 0.910692 -1.033960 -2.725375 -0.213514 0.000000 1.662405 0.928824 0.423646 1.281239 1.367760 
11.47 -1.302930 0.865133 -1.002221 -2.729093 -0.262113 0.000000 1.662405 0.928824 0.376541 1.257906 1.350221 
11.57 -1.376712 0.803355 -0.947332 -2.709277 -0.292785 0.000000 1.662405 0.928824 0.347983 1.224944 1.302817 
11.67 -1.421953 0.793060 -0.945588 -2.675325 -0.374854 0.000000 1.662405 0.928824 0.304334 1.154509 1.240451 
11.77 -1.489401 0.722894 -0.885632 -2.670110 -0.408424 0.000000 1.662405 0.928824 0.282745 1.134145 1.202710 
11.87 -1.538498 0.700911 -0.876290 -2.675116 -0.484124 0.000000 1.662405 0.928824 0.239810 1.106047 1.178603 
11.97 -1.580950 0.650567 -0.840726 -2.666679 -0.502676 0.000000 1.662405 0.928824 0.222056 1.090948 1.153117 
12.07 -1.588352 0.684891 -0.862007 -2.651376 -0.545324 0.000000 1.662405 0.928824 0.200737 1.060724 1.118354 
12.17 -1.594844 0.698050 -0.869943 -2.635187 -0.557419 0.000000 1.662405 0.928824 0.188947 1.041272 1.093820 
