0.09 0.746183 0.799824 0.417199 1.227547 2.087252 0.000000 1.565162 -1.956253 2.990849 2.795780 1.420621 
0.19 0.746183 0.799824 0.417199 1.194263 2.040531 0.000000 1.565162 -1.956253 2.990849 2.760712 1.420621 
0.29 0.746183 0.799824 0.417199 1.191951 2.030172 0.000000 1.565162 -1.956253 2.990849 2.758104 1.420621 
0.39 0.746183 0.799824 0.417199 1.222797 2.091316 0.000000 1.565162 -1.956253 2.990849 2.791229 1.420621 
0.49 0.746183 0.799824 0.417199 1.230012 2.097858 0.000000 1.565162 -1.956253 2.990849 2.798759 1.420621 
0.59 0.746183 0.799824 0.417199 1.221572 2.086023 0.000000 1.565162 -1.956253 2.990849 2.789754 1.420621 
0.69 0.746183 0.799824 0.417199 1.206058 2.067800 0.000000 1.565162 -1.956253 2.990849 2.773464 1.420621 
0.79 0.746183 0.799824 0.417199 1.202498 2.052109 0.000000 1.565162 -1.956253 2.990849 2.769320 1.420621 
0.89 0.746183 0.799824 0.417199 1.162245 1.970633 0.000000 1.565162 -1.956253 2.990849 2.727445 1.420621 
0.99 0.746183 0.799824 0.417199 1.186087 2.029019 0.000000 1.565162 -1.956253 2.990849 2.752211 1.420621 
1.09 0.746183 0.799824 0.417199 1.176685 2.037056 0.000000 1.565162 -1.956253 2.990849 2.743038 1.420621 
1.19 0.746183 0.799824 0.417199 1.166334 2.015318 0.000000 1.565162 -1.956253 2.990849 2.732134 1.420621 
1.29 0.746183 0.799824 0.417199 1.169716 2.030745 0.000000 1.565162 -1.956253 2.990849 2.735893 1.420621 
1.39 0.746183 0.799824 0.417199 1.159427 2.009079 0.000000 1.565162 -1.956253 2.990849 2.725101 1.420621 
1.49 0.746183 0.799824 0.417199 1.147890 2.006865 0.000000 1.565162 -1.956253 2.990849 2.713525 1.420621 
1.59 0.746183 0.799824 0.417199 1.155869 2.018203 0.000000 1.565162 -1.956253 2.990849 2.721737 1.420621 
1.69 0.746183 0.799824 0.417199 1.150098 2.017087 0.000000 1.565162 -1.956253 2.990849 2.715942 1.420621 
1.79 0.584998 0.955146 0.613334 1.150098 2.017087 0.000000 1.565162 -1.956253 3.001863 2.715942 1.577476 
1.89 0.584998 0.955146 0.613334 1.150098 2.017087 0.000000 1.565162 -1.956253 3.001863 2.715942 1.577476 
1.99 0.584998 0.955146 0.613334 1.148991 2.011971 0.000000 1.565162 -1.956253 3.001863 2.714725 1.577476 
2.09 0.584998 0.955146 0.613334 1.150098 2.017087 0.000000 1.565162 -1.956253 3.001863 2.715942 1.577476 
2.19 0.584998 0.955146 0.613334 1.237077 2.079138 0.000000 1.565162 -1.956253 3.001863 2.804932 1.577476 
2.29 0.591155 0.947959 0.600519 1.151210 2.022214 0.000000 1.565162 -1.956253 2.995872 2.717173 1.579332 
2.39 0.650453 0.882833 0.522603 1.150098 2.017087 0.000000 1.565162 -1.956253 2.983302 2.715942 1.583485 
2.49 0.686434 0.817629 0.449158 1.148991 2.011971 0.000000 1.565162 -1.956253 2.957666 2.714725 1.583265 
2.59 0.600627 0.913245 0.555166 1.151210 2.022214 0.000000 1.565162 -1.956253 2.962801 2.717173 1.570819 
2.69 0.553132 0.957814 0.611108 1.148991 2.011971 0.000000 1.565162 -1.956253 2.968328 2.714725 1.551804 
2.79 0.577883 0.931400 0.584622 1.144341 2.015977 0.000000 1.565162 -1.956253 2.967256 2.710162 1.565239 
2.89 0.623425 0.889939 0.532231 1.151210 2.022214 0.000000 1.565162 -1.956253 2.964804 2.717173 1.580104 
2.99 0.623425 0.889939 0.532231 1.138598 2.014871 0.000000 1.565162 -1.956253 2.964804 2.704396 1.580104 
3.09 0.591611 0.886632 0.521538 1.142144 2.005765 0.000000 1.565162 -1.956253 2.923476 2.707759 1.543183 
3.19 0.591611 0.886632 0.521538 1.142144 2.005765 0.000000 1.565162 -1.956253 2.923476 2.707759 1.543183 
3.29 0.588759 0.824804 0.433879 1.143240 2.010866 0.000000 1.565162 -1.956253 2.846331 2.708952 1.532608 
3.39 0.567347 0.812461 0.417970 1.146795 2.001768 0.000000 1.565162 -1.956253 2.812463 2.712339 1.519153 
3.49 0.507152 0.816994 0.423659 1.141053 2.000673 0.000000 1.565162 -1.956253 2.757123 2.706580 1.504003 
3.59 0.507152 0.816994 0.423659 1.134246 1.994508 0.000000 1.565162 -1.956253 2.757123 2.699679 1.504003 
3.69 0.508720 0.729560 0.309316 1.132102 1.984384 0.000000 1.565162 -1.956253 2.677074 2.697411 1.505662 
3.79 0.508720 0.729560 0.309316 1.139968 1.995592 0.000000 1.565162 -1.956253 2.677074 2.705416 1.505662 
3.89 0.370294 0.805989 0.411562 1.109861 1.956131 0.000000 1.565162 -1.956253 2.612376 2.675023 1.437204 
3.99 0.397618 0.761092 0.341683 1.112440 1.942217 0.000000 1.565162 -1.956253 2.588565 2.677639 1.441598 
4.09 0.294305 0.808728 0.423973 1.098207 1.925361 0.000000 1.565162 -1.956253 2.547188 2.663549 1.400556 
4.19 0.338273 0.747681 0.321897 1.140807 2.025111 0.000000 1.565162 -1.956253 2.517685 2.706845 1.537799 
4.29 0.238597 0.791362 0.390613 1.075738 1.893075 0.000000 1.565162 -1.956253 2.467009 2.641656 1.369167 
4.39 0.190364 0.804873 0.425636 1.071162 1.896993 0.000000 1.565162 -1.956253 2.446056 2.636990 1.365147 
4.49 0.040575 0.854460 0.563044 1.045605 1.902018 0.000000 1.565162 -1.956253 2.408568 2.611331 1.323231 
4.59 0.035845 0.847362 0.539623 0.992834 1.842196 0.000000 1.565162 -1.956253 2.383899 2.560538 1.250038 
4.69 0.055390 0.831064 0.488242 1.008622 1.900429 0.000000 1.565162 -1.956253 2.360900 2.574390 1.321625 
4.79 -0.096370 0.864295 0.623469 0.964333 1.939878 0.000000 1.565162 -1.956253 2.324260 2.529548 1.298592 
4.89 -0.192031 0.856059 0.678172 0.918318 1.993572 0.000000 1.565162 -1.956253 2.275940 2.483761 1.318067 
4.99 -0.274783 0.856818 0.745284 0.899317 1.999789 0.000000 1.565162 -1.956253 2.253982 2.464864 1.293014 
5.09 -0.233406 0.865544 0.654303 0.860496 2.060306 0.000000 1.565162 -1.956253 2.215109 2.427889 1.336336 
5.19 -0.190771 0.861985 0.568975 0.846477 2.091911 0.000000 1.565162 -1.956253 2.182524 2.415451 1.374645 
5.29 -0.161611 0.862913 0.511002 0.831128 2.089103 0.000000 1.565162 -1.956253 2.161725 2.399970 1.372449 
5.39 -0.308883 0.868961 0.649712 0.789779 2.076808 0.000000 1.565162 -1.956253 2.136491 2.358025 1.302083 
5.49 -0.384775 0.861232 0.708564 0.789664 2.130719 0.000000 1.565162 -1.956253 2.113785 2.361280 1.332626 
5.59 -0.359448 0.878578 0.636845 1.215643 2.181789 0.000000 1.565162 -1.956253 2.075736 2.789936 1.598909 
5.69 -0.326148 0.896508 0.547403 1.168159 2.171512 0.000000 1.565162 -1.956253 2.028894 2.741784 1.577594 
5.79 -0.350485 0.903345 0.546562 1.134368 2.169416 0.000000 1.565162 -1.956253 2.003947 2.707933 1.551544 
5.89 -0.304766 0.911888 0.431417 1.057996 2.168627 0.000000 1.565162 -1.956253 1.946441 2.631741 1.542795 
5.99 -0.458752 0.903502 0.586117 0.997936 2.136014 0.000000 1.565162 -1.956253 1.932281 2.569395 1.432115 
6.09 -0.445005 0.914204 0.522821 0.921451 2.115921 0.000000 1.565162 -1.956253 1.887882 2.491734 1.391761 
6.19 -0.470310 0.917497 0.523821 0.887887 2.099616 0.000000 1.565162 -1.956253 1.863500 2.457235 1.357913 
6.29 -0.507048 0.921553 0.519615 0.816193 2.033165 0.000000 1.565162 -1.956253 1.822899 2.382597 1.265405 
6.39 -0.536747 0.926018 0.528449 0.786153 2.028015 0.000000 1.565162 -1.956253 1.801428 2.352410 1.236903 
6.49 -0.574805 0.934514 0.518536 0.736881 2.019790 0.000000 1.565162 -1.956253 1.754183 2.302920 1.204103 
6.59 -0.569966 0.946586 0.490547 0.709840 1.968499 0.000000 1.565162 -1.956253 1.732733 2.275035 1.155861 
6.69 -0.586524 0.965136 0.464428 0.667698 1.966717 0.000000 1.565162 -1.956253 1.691112 2.232885 1.133466 
6.79 -0.596728 0.971137 0.450385 0.650254 1.973375 0.000000 1.565162 -1.956253 1.667483 2.215483 1.135456 
6.89 -0.642543 0.961950 0.472172 0.633592 1.984817 0.000000 1.565162 -1.956253 1.642534 2.198940 1.135341 
6.99 -0.691693 0.957172 0.476176 0.601169 2.012638 0.000000 1.565162 -1.956253 1.597350 2.167065 1.147960 
7.09 -0.723582 0.966551 0.460487 0.554539 2.033876 0.000000 1.565162 -1.956253 1.550512 2.121122 1.146461 
7.19 -0.751314 0.963677 0.465631 0.549718 2.094943 0.000000 1.565162 -1.956253 1.527730 2.119423 1.193855 
7.29 -0.794949 0.974883 0.452201 0.466785 2.140347 0.000000 1.565162 -1.956253 1.471134 2.040269 1.187673 
7.39 -0.846474 0.959127 0.484798 0.432300 2.179240 0.000000 1.565162 -1.956253 1.450622 2.009870 1.189751 
7.49 -0.836266 0.983859 0.443081 0.388334 2.177714 0.000000 1.565162 -1.956253 1.420908 1.966009 1.177652 
7.59 -0.889692 0.982333 0.453668 0.331530 2.244140 0.000000 1.565162 -1.956253 1.377454 1.918416 1.197630 
7.69 -0.941307 0.951369 0.488873 0.295733 2.269398 0.000000 1.565162 -1.956253 1.359843 1.887059 1.198894 
7.79 -0.965476 0.960920 0.470281 0.229149 2.285783 0.000000 1.565162 -1.956253 1.318288 1.824320 1.188135 
7.89 -1.074817 0.912220 0.538595 0.159017 2.302437 0.000000 1.565162 -1.956253 1.272689 1.758589 1.146227 
7.99 -1.092311 0.919434 0.537511 0.131153 2.361249 0.000000 1.565162 -1.956253 1.254392 1.743991 1.176002 
8.09 -1.154602 0.895822 0.559523 0.045581 2.388245 0.000000 1.565162 -1.956253 1.212175 1.667666 1.154828 
8.19 -1.200726 0.874204 0.582895 0.007391 2.378918 0.000000 1.565162 -1.956253 1.187226 1.628364 1.120661 
8.29 -1.253779 0.853375 0.596531 -0.047772 2.357873 0.000000 1.565162 -1.956253 1.145751 1.569641 1.076103 
8.39 -1.253655 0.880975 0.570428 -0.081381 2.344547 0.000000 1.565162 -1.956253 1.122883 1.533747 1.051530 
8.49 -1.289069 0.889175 0.560682 -0.110319 2.337038 0.000000 1.565162 -1.956253 1.078664 1.503851 1.032458 
8.59 -1.321069 0.875326 0.575775 -0.130971 2.330319 0.000000 1.565162 -1.956253 1.060442 1.482171 1.009611 
8.69 -1.370640 0.871917 0.579939 -0.154452 2.344096 0.000000 1.565162 -1.956253 1.014874 1.463053 1.005197 
8.79 -1.371634 0.897091 0.555613 -0.166615 2.343254 0.000000 1.565162 -1.956253 0.991803 1.451105 1.005819 
8.89 -1.424755 0.888303 0.569287 -0.196398 2.393545 0.000000 1.565162 -1.956253 0.951777 1.436920 1.022347 
8.99 -1.423560 0.921810 0.542730 -0.215715 2.413563 0.000000 1.565162 -1.956253 0.928681 1.424830 1.033546 
9.09 -1.490391 0.897552 0.565058 -0.246624 2.449370 0.000000 1.565162 -1.956253 0.882938 1.407731 1.039440 
9.19 -1.512866 0.899200 0.563671 -0.260445 2.509090 0.000000 1.565162 -1.956253 0.859283 1.417009 1.083635 
9.29 -1.577006 0.864271 0.587176 -0.286847 2.569905 0.000000 1.565162 -1.956253 0.816291 1.417977 1.119554 
9.39 -1.556499 0.916516 0.545487 -0.294270 2.592614 0.000000 1.565162 -1.956253 0.798472 1.421310 1.147871 
9.49 -1.629764 0.876120 0.577051 -0.297344 2.621693 0.000000 1.565162 -1.956253 0.754651 1.431842 1.159905 
9.59 -1.632934 0.903833 0.558703 -0.309444 2.632880 0.000000 1.565162 -1.956253 0.735027 1.426412 1.164938 
9.69 -1.660063 0.924763 0.546532 -0.325560 2.649930 0.000000 1.565162 -1.956253 0.697045 1.420493 1.169964 
9.79 -1.707210 0.898841 0.568408 -0.338109 2.649357 0.000000 1.565162 -1.956253 0.671311 1.409274 1.151933 
9.89 -1.667031 1.021392 0.480545 -0.358834 2.654463 0.000000 1.565162 -1.956253 0.625252 1.393816 1.172899 
9.99 -1.758038 0.921659 0.550407 -0.383891 2.653543 0.000000 1.565162 -1.956253 0.603580 1.371719 1.140008 
10.09 -1.745178 1.004530 0.493955 -0.434003 2.646173 0.000000 1.565162 -1.956253 0.560896 1.324957 1.124808 
10.19 -1.758621 1.021217 0.483260 -0.467206 2.651527 0.000000 1.565162 -1.956253 0.536561 1.299582 1.115298 
10.29 -1.797566 1.030269 0.480163 -0.546159 2.633264 0.000000 1.565162 -1.956253 0.494582 1.223402 1.057382 
10.39 -1.798377 1.060032 0.461396 -0.591770 2.633670 0.000000 1.565162 -1.956253 0.474069 1.185911 1.039226 
10.49 -1.885080 0.991382 0.503341 -0.666781 2.647253 0.000000 1.565162 -1.956253 0.430816 1.133388 1.006211 
10.59 -1.839737 1.093244 0.439074 -0.691189 2.624380 0.000000 1.565162 -1.956253 0.408747 1.100101 0.993272 
10.69 -1.925738 1.024231 0.481643 -0.753459 2.621201 0.000000 1.565162 -1.956253 0.367900 1.049294 0.950747 
10.79 -1.960260 1.016819 0.488749 -0.774103 2.616410 0.000000 1.565162 -1.956253 0.341037 1.030331 0.931062 
10.89 -1.975113 1.057501 0.467091 -0.807810 2.624274 0.000000 1.565162 -1.956253 0.303675 1.009869 0.924735 
10.99 -2.043043 0.974485 0.513696 -0.824590 2.625357 0.000000 1.565162 -1.956253 0.284218 0.998071 0.907491 
11.09 -2.058025 1.024117 0.482586 -0.871542 2.640568 0.000000 1.565162 -1.956253 0.236890 0.974369 0.912449 
11.19 -2.081772 1.010506 0.490610 -0.880005 2.641230 0.000000 1.565162 -1.956253 0.221629 0.968831 0.906614 
11.29 -2.102730 1.017564 0.489450 -0.919701 2.668499 0.000000 1.565162 -1.956253 0.200190 0.961204 0.905974 
11.39 -2.101603 1.040954 0.478394 -0.937605 2.682216 0.000000 1.565162 -1.956253 0.190048 0.959609 0.909168 
