0.09 -1.381089 0.002399 1.745909 2.063236 -0.652220 0.000000 1.761844 0.510190 2.741391 3.827716 2.713037 
0.19 -1.383648 0.041759 1.709209 2.062046 -0.646713 0.000000 1.761844 0.510190 2.737061 3.826327 2.719136 
0.29 -1.383648 0.041759 1.709209 2.054915 -0.645514 0.000000 1.761844 0.510190 2.737061 3.819158 2.713454 
0.39 -1.381089 0.002399 1.745909 2.054915 -0.645514 0.000000 1.761844 0.510190 2.741391 3.819158 2.702482 
0.49 -1.380824 -0.002720 1.748785 2.062046 -0.646713 0.000000 1.761844 0.510190 2.740491 3.826327 2.708903 
0.59 -1.380589 -0.001568 1.746163 2.008559 -0.653453 0.000000 1.761844 0.510190 2.738818 3.773124 2.680097 
0.69 -1.378877 -0.046871 1.781538 2.062046 -0.646713 0.000000 1.761844 0.510190 2.740184 3.826327 2.707386 
0.79 -1.382746 -0.039726 1.774938 2.069169 -0.647902 0.000000 1.761844 0.510190 2.741985 3.833487 2.716750 
0.89 -1.376199 -0.128963 1.842577 2.020386 -0.644906 0.000000 1.761844 0.510190 2.743539 3.784629 2.678083 
0.99 0.887040 -0.079740 -1.570796 2.094125 -0.636094 0.000000 1.761844 0.510190 2.311641 3.858024 2.525408 
1.09 -1.358780 -0.227412 1.918144 2.191320 -0.608701 0.000000 1.761844 0.510190 2.742519 3.954392 2.762254 
1.19 -1.357071 -0.243101 1.930393 2.226069 -0.613602 0.000000 1.761844 0.510190 2.743992 3.989254 2.789888 
1.29 -1.346741 -0.288756 1.961974 2.368330 -0.699100 0.000000 1.761844 0.510190 2.740972 4.134493 2.953262 
1.39 -1.344448 -0.303404 1.973365 2.438645 -0.819848 0.000000 1.761844 0.510190 2.742236 4.211888 3.087776 
1.49 -1.327566 -0.378108 2.032324 1.616995 -0.772668 0.000000 1.761844 0.510190 2.746764 3.389019 2.529257 
1.59 -1.325942 -0.413072 2.059750 1.608679 -0.765450 0.000000 1.761844 0.510190 2.755923 3.380176 2.522119 
1.69 -1.312470 -0.519198 2.144422 2.388661 -0.659036 0.000000 1.761844 0.510190 2.782442 4.153173 2.938927 
1.79 -1.312709 -0.534520 2.154291 1.616995 -0.772668 0.000000 1.761844 0.510190 2.787153 3.389019 2.544077 
1.89 -1.309530 -0.532840 2.154266 2.413620 -0.661303 0.000000 1.761844 0.510190 2.784438 4.178198 2.959622 
1.99 -1.331575 -0.468626 2.095491 1.622317 -0.768461 0.000000 1.761844 0.510190 2.773786 3.394002 2.549277 
2.09 -1.335271 -0.451903 2.085886 2.400051 -0.649616 0.000000 1.761844 0.510190 2.774244 4.164230 2.949360 
2.19 -1.344959 -0.424723 2.067555 2.400051 -0.649616 0.000000 1.761844 0.510190 2.776623 4.164230 2.947249 
2.29 -1.365293 -0.358871 2.015058 1.631500 -0.754362 0.000000 1.761844 0.510190 2.774588 3.402118 2.541436 
2.39 -1.375453 -0.313940 1.978891 2.443122 -0.721124 0.000000 1.761844 0.510190 2.770965 4.210253 3.036545 
2.49 -1.386605 -0.260161 1.941305 2.391382 -0.743238 0.000000 1.761844 0.510190 2.772068 4.159759 3.013525 
2.59 -1.389504 -0.238658 1.922747 2.368539 -0.756987 0.000000 1.761844 0.510190 2.768642 4.137749 3.010337 
2.69 -1.404151 -0.164078 1.868470 2.326905 -0.768773 0.000000 1.761844 0.510190 2.771326 4.096918 2.992569 
2.79 -1.406982 -0.158210 1.864552 2.309360 -0.777515 0.000000 1.761844 0.510190 2.773416 4.079971 2.987560 
2.89 -1.408358 -0.109979 1.831449 2.283208 -0.769297 0.000000 1.761844 0.510190 2.771620 4.053343 2.960675 
2.99 -1.412815 -0.090418 1.820527 2.282466 -0.763901 0.000000 1.761844 0.510190 2.776677 4.052260 2.954509 
3.09 -1.415826 -0.010147 1.759482 2.278662 -0.736914 0.000000 1.761844 0.510190 2.773208 4.046863 2.937282 
3.19 -1.412512 0.037023 1.723783 2.146204 -0.692139 0.000000 1.761844 0.510190 2.768949 3.912282 2.815218 
3.29 -1.414138 0.119399 1.662419 1.994711 -0.592883 0.000000 1.761844 0.510190 2.771113 3.757465 2.647785 
3.39 -1.414882 0.098131 1.683875 2.042819 -0.559100 0.000000 1.761844 0.510190 2.775833 3.804978 2.646924 
3.49 -1.401848 0.216891 1.587762 2.065910 -0.536734 0.000000 1.761844 0.510190 2.766046 3.827846 2.659825 
3.59 -1.401627 0.224840 1.587385 2.065910 -0.536734 0.000000 1.761844 0.510190 2.771240 3.827846 2.659825 
3.69 -1.391701 0.252636 1.569172 1.613776 -0.686658 0.000000 1.761844 0.510190 2.769074 3.380229 2.485987 
3.79 -1.387983 0.280859 1.549464 1.631427 -0.679867 0.000000 1.761844 0.510190 2.770729 3.397511 2.490896 
3.89 -1.371091 0.351703 1.491808 1.651746 -0.657827 0.000000 1.761844 0.510190 2.764990 3.416782 2.489684 
3.99 -1.375295 0.334274 1.510436 1.636849 -0.675743 0.000000 1.761844 0.510190 2.769893 3.402723 2.490163 
4.09 -1.338361 0.449458 1.414961 1.675189 -0.747762 0.000000 1.761844 0.510190 2.758712 3.445234 2.578486 
4.19 0.812166 -0.491356 -1.757540 1.675189 -0.747762 0.000000 1.761844 0.510190 2.518489 3.445234 2.578486 
4.29 0.808237 -0.506035 -1.767230 1.614270 -0.713243 0.000000 1.761844 0.510190 2.525135 3.382215 2.050002 
4.39 -1.296502 0.547409 1.338599 1.618166 -0.703471 0.000000 1.761844 0.510190 2.754409 3.385532 2.507545 
4.49 -1.264824 0.612480 1.286624 1.620620 -0.688122 0.000000 1.761844 0.510190 2.752355 3.387141 2.495165 
4.59 -1.248079 0.634944 1.268049 1.623546 -0.699329 0.000000 1.761844 0.510190 2.749255 3.390670 2.501429 
4.69 -1.253053 0.642159 1.267397 1.613776 -0.686658 0.000000 1.761844 0.510190 2.757375 3.380229 2.488847 
4.79 -1.280116 0.634055 1.271675 1.663835 -0.729262 0.000000 1.761844 0.510190 2.765817 3.432677 2.562539 
4.89 -1.309463 0.584415 1.306710 1.676184 -0.726570 0.000000 1.761844 0.510190 2.765790 3.444831 2.589763 
4.99 -1.317622 0.574607 1.312116 1.630404 -0.700800 0.000000 1.761844 0.510190 2.765884 3.397599 2.548473 
5.09 -1.312273 0.580198 1.312475 1.622082 -0.693721 0.000000 1.761844 0.510190 2.768440 3.388899 2.530763 
5.19 -1.299266 0.607735 1.288652 1.630404 -0.700800 0.000000 1.761844 0.510190 2.765854 3.397599 2.543457 
5.29 -1.262131 0.667402 1.236908 1.622082 -0.693721 0.000000 1.761844 0.510190 2.758090 3.388899 2.530802 
5.39 -1.233444 0.718665 1.195931 1.630404 -0.700800 0.000000 1.761844 0.510190 2.758088 3.397599 2.541008 
5.49 -1.203916 0.765224 1.154976 1.627476 -0.689587 0.000000 1.761844 0.510190 2.755281 3.394065 2.531565 
5.59 -1.199404 0.777172 1.146120 1.612319 -0.681071 0.000000 1.761844 0.510190 2.757306 3.378488 2.518112 
5.69 -1.165120 0.825981 1.104898 1.615236 -0.692254 0.000000 1.761844 0.510190 2.756972 3.381984 2.527803 
5.79 -1.043034 0.956302 0.962135 1.613776 -0.686658 0.000000 1.761844 0.510190 2.731488 3.380229 2.525999 
5.89 -1.094019 0.918055 1.015928 1.615236 -0.692254 0.000000 1.761844 0.510190 2.750477 3.381984 2.534974 
5.99 -1.027896 0.970389 0.949996 1.622082 -0.693721 0.000000 1.761844 0.510190 2.732437 3.388899 2.536307 
6.09 -0.997969 1.006350 0.921474 1.623546 -0.699329 0.000000 1.761844 0.510190 2.739195 3.390670 2.540298 
6.19 -0.973063 1.031580 0.894375 1.623546 -0.699329 0.000000 1.761844 0.510190 2.738026 3.390670 2.542902 
6.29 -0.931431 1.067044 0.853504 1.616699 -0.697859 0.000000 1.761844 0.510190 2.734676 3.383752 2.538746 
6.39 -0.940613 1.064291 0.868236 1.616699 -0.697859 0.000000 1.761844 0.510190 2.745274 3.383752 2.533555 
6.49 -0.853403 1.123962 0.784132 1.630404 -0.700800 0.000000 1.761844 0.510190 2.729618 3.397599 2.546160 
6.59 -0.799617 1.161658 0.738244 1.623546 -0.699329 0.000000 1.761844 0.510190 2.729430 3.390670 2.539714 
6.69 -0.778131 1.173268 0.723633 1.630404 -0.700800 0.000000 1.761844 0.510190 2.729808 3.397599 2.540521 
6.79 -0.853589 1.138564 0.787990 1.640213 -0.713525 0.000000 1.761844 0.510190 2.747559 3.408129 2.561412 
6.89 -0.766640 1.180375 0.712985 1.626485 -0.710570 0.000000 1.761844 0.510190 2.728611 3.394249 2.547102 
6.99 -0.778131 1.173268 0.723633 1.616699 -0.697859 0.000000 1.761844 0.510190 2.729808 3.383752 2.530363 
7.09 -0.791948 1.168967 0.734536 1.630404 -0.700800 0.000000 1.761844 0.510190 2.733984 3.397599 2.542557 
7.19 -0.794643 1.166397 0.739033 1.630404 -0.700800 0.000000 1.761844 0.510190 2.735137 3.397599 2.540304 
7.29 -0.791948 1.168967 0.734536 1.630404 -0.700800 0.000000 1.761844 0.510190 2.733984 3.397599 2.542557 
7.39 -0.813061 1.157106 0.753642 1.631872 -0.706420 0.000000 1.761844 0.510190 2.737511 3.399385 2.547732 
7.49 -0.794643 1.166397 0.739033 1.630404 -0.700800 0.000000 1.761844 0.510190 2.735137 3.397599 2.540304 
7.59 -0.791948 1.168967 0.734536 1.638741 -0.707895 0.000000 1.761844 0.510190 2.733984 3.406328 2.553120 
7.69 -0.791948 1.168967 0.734536 1.638741 -0.707895 0.000000 1.761844 0.510190 2.733984 3.406328 2.553120 
7.79 -0.761052 1.180116 0.707826 1.631872 -0.706420 0.000000 1.761844 0.510190 2.724384 3.399385 2.546125 
7.89 -0.774805 1.176069 0.718630 1.637272 -0.702273 0.000000 1.761844 0.510190 2.728532 3.404540 2.547834 
7.99 -0.778131 1.173268 0.723633 1.638741 -0.707895 0.000000 1.761844 0.510190 2.729808 3.406328 2.551088 
8.09 -0.791948 1.168967 0.734536 1.623546 -0.699329 0.000000 1.761844 0.510190 2.733984 3.390670 2.537478 
8.19 -0.808507 1.161853 0.750021 1.631872 -0.706420 0.000000 1.761844 0.510190 2.739336 3.399385 2.547785 
8.29 -0.813061 1.157106 0.753642 1.638741 -0.707895 0.000000 1.761844 0.510190 2.737511 3.406328 2.552820 
8.39 -0.748969 1.192424 0.697638 1.638741 -0.707895 0.000000 1.761844 0.510190 2.728978 3.406328 2.552447 
8.49 -0.619824 1.258713 0.597895 1.638741 -0.707895 0.000000 1.761844 0.510190 2.727998 3.406328 2.545361 
8.59 -0.565961 1.283793 0.554957 1.631872 -0.706420 0.000000 1.761844 0.510190 2.727463 3.399385 2.540785 
8.69 -0.389509 1.338865 0.419923 1.638741 -0.707895 0.000000 1.761844 0.510190 2.718138 3.406328 2.542295 
8.79 -0.309163 1.350015 0.363536 1.631872 -0.706420 0.000000 1.761844 0.510190 2.712103 3.399385 2.528740 
8.89 -0.148309 1.358705 0.240404 1.631872 -0.706420 0.000000 1.761844 0.510190 2.692094 3.399385 2.521651 
8.99 -0.173280 1.370438 0.259361 1.638741 -0.707895 0.000000 1.761844 0.510190 2.705135 3.406328 2.535744 
9.09 0.053710 1.361356 0.098595 1.631872 -0.706420 0.000000 1.761844 0.510190 2.694078 3.399385 2.512563 
9.19 0.054722 1.375958 0.101187 1.631872 -0.706420 0.000000 1.761844 0.510190 2.708029 3.399385 2.520560 
9.29 0.237528 1.338396 -0.039186 1.631872 -0.706420 0.000000 1.761844 0.510190 2.690317 3.399385 2.511749 
9.39 0.351881 1.301682 -0.118442 1.638741 -0.707895 0.000000 1.761844 0.510190 2.689453 3.406328 2.500513 
9.49 0.444498 1.270950 -0.188487 1.631872 -0.706420 0.000000 1.761844 0.510190 2.689897 3.399385 2.491715 
9.59 0.470228 1.259461 -0.215077 1.638741 -0.707895 0.000000 1.761844 0.510190 2.683518 3.406328 2.500679 
9.69 0.641014 1.176595 -0.349030 1.638741 -0.707895 0.000000 1.761844 0.510190 2.686301 3.406328 2.490413 
9.79 0.628650 1.192312 -0.337892 1.638741 -0.707895 0.000000 1.761844 0.510190 2.690508 3.406328 2.498518 
9.89 0.729657 1.125196 -0.425509 1.640213 -0.713525 0.000000 1.761844 0.510190 2.687215 3.408129 2.496741 
9.99 0.850236 1.009833 -0.537294 1.638741 -0.707895 0.000000 1.761844 0.510190 2.681218 3.406328 2.464462 
10.09 0.838413 1.044662 -0.521774 1.640213 -0.713525 0.000000 1.761844 0.510190 2.689915 3.408129 2.491203 
10.19 0.755736 1.123619 -0.452681 1.640213 -0.713525 0.000000 1.761844 0.510190 2.688758 3.408129 2.515840 
10.29 0.804799 1.055340 -0.520865 1.634818 -0.717683 0.000000 1.761844 0.510190 2.660413 3.402994 2.504512 
10.39 0.817452 1.027462 -0.551295 1.634818 -0.717683 0.000000 1.761844 0.510190 2.641138 3.402994 2.503063 
10.49 0.846635 0.966061 -0.617811 1.634818 -0.717683 0.000000 1.761844 0.510190 2.603532 3.402994 2.499039 
10.59 0.876306 0.908482 -0.674918 1.627958 -0.716202 0.000000 1.761844 0.510190 2.578901 3.396057 2.485425 
10.69 0.800382 0.953167 -0.643554 1.637775 -0.728978 0.000000 1.761844 0.510190 2.534251 3.406652 2.520100 
10.79 0.832187 0.893860 -0.702840 1.637775 -0.728978 0.000000 1.761844 0.510190 2.510423 3.406652 2.509290 
10.89 0.738247 0.943451 -0.657279 2.438976 -0.825070 0.000000 1.761844 0.510190 2.459698 4.212605 3.162605 
10.99 0.716839 0.918922 -0.687956 2.432208 -0.809043 0.000000 1.761844 0.510190 2.409746 4.204686 3.157667 
11.09 0.652892 0.969496 -0.642435 2.431476 -0.798571 0.000000 1.761844 0.510190 2.391004 4.203225 3.172256 
11.19 0.657092 0.943324 -0.672469 2.431476 -0.798571 0.000000 1.761844 0.510190 2.365880 4.203225 3.172000 
11.29 0.648928 0.905482 -0.714542 2.425666 -0.798191 0.000000 1.761844 0.510190 2.318142 4.197403 3.167504 
11.39 0.590864 0.944785 -0.673452 2.420618 -0.808295 0.000000 1.761844 0.510190 2.299313 4.193073 3.187600 
11.49 0.537198 0.959810 -0.660363 2.399286 -0.832968 0.000000 1.761844 0.510190 2.259272 4.173631 3.203330 
11.59 0.559824 0.896756 -0.741103 2.383408 -0.852781 0.000000 1.761844 0.510190 2.205599 4.159385 3.196175 
11.69 0.516137 0.924266 -0.712929 2.355292 -0.866379 0.000000 1.761844 0.510190 2.188275 4.132515 3.197433 
11.79 0.410828 0.971655 -0.646712 2.338424 -0.875519 0.000000 1.761844 0.510190 2.147875 4.116512 3.209775 
11.89 0.390606 0.970179 -0.646904 2.274638 -0.895993 0.000000 1.761844 0.510190 2.127485 4.054878 3.181507 
11.99 0.423826 0.927144 -0.725014 2.204127 -0.920104 0.000000 1.761844 0.510190 2.085628 3.987099 3.138492 
12.09 0.387867 0.936990 -0.712156 2.170633 -0.905034 0.000000 1.761844 0.510190 2.062071 3.952250 3.112113 
12.19 0.328271 0.971882 -0.672362 2.145655 -0.907000 0.000000 1.761844 0.510190 2.042836 3.927595 3.118411 
12.29 0.329630 0.949462 -0.711544 2.045186 -0.918780 0.000000 1.761844 0.510190 2.005711 3.828894 3.044479 
12.39 0.383078 0.889601 -0.819340 1.956051 -0.897669 0.000000 1.761844 0.510190 1.959313 3.738032 2.946666 
12.49 0.317909 0.923792 -0.762595 1.887322 -0.884532 0.000000 1.761844 0.510190 1.945712 3.668316 2.900024 
12.59 0.311603 0.919234 -0.798785 1.829167 -0.861839 0.000000 1.761844 0.510190 1.906225 3.608188 2.844878 
12.69 0.291264 0.922744 -0.805452 1.707531 -0.846948 0.000000 1.761844 0.510190 1.879773 3.485681 2.755231 
12.79 0.211277 0.940952 -0.763259 1.660974 -0.842142 0.000000 1.761844 0.510190 1.839333 3.438878 2.721782 
12.89 0.225290 0.918549 -0.800999 1.590750 -0.842726 0.000000 1.761844 0.510190 1.817879 3.369045 2.661742 
12.99 0.171989 0.926215 -0.789240 1.516525 -0.847518 0.000000 1.761844 0.510190 1.775493 3.295678 2.616295 
13.09 0.136374 0.934649 -0.775529 1.471425 -0.864352 0.000000 1.761844 0.510190 1.752825 3.252608 2.600420 
13.19 0.125774 0.923031 -0.812161 1.393215 -0.867774 0.000000 1.761844 0.510190 1.708092 3.175258 2.540137 
13.29 0.099185 0.923318 -0.812180 1.244971 -0.909167 0.000000 1.761844 0.510190 1.681485 3.033170 2.454268 
13.39 0.100043 0.917803 -0.833887 1.209561 -0.950536 0.000000 1.761844 0.510190 1.662412 3.003856 2.452321 
13.49 0.036568 0.924888 -0.812219 1.075601 -1.018958 0.000000 1.761844 0.510190 1.618829 2.882697 2.406780 
13.59 0.034859 0.918653 -0.833930 0.859348 -0.852242 0.000000 1.761844 0.510190 1.597189 2.643416 2.129591 
13.69 -0.003561 0.922916 -0.847543 0.776744 -0.915362 0.000000 1.761844 0.510190 1.546116 2.570719 2.117739 
13.79 -0.068898 0.931002 -0.826095 0.546883 -0.832071 0.000000 1.761844 0.510190 1.500450 2.331058 1.904864 
13.89 -0.085103 0.924013 -0.834045 0.746039 -1.112244 0.000000 1.761844 0.510190 1.477021 2.579137 2.236510 
13.99 -0.153120 0.927634 -0.810029 0.591445 -1.124296 0.000000 1.761844 0.510190 1.431170 2.432097 2.146213 
14.09 -0.172823 0.924849 -0.812451 0.528149 -1.116674 0.000000 1.761844 0.510190 1.409223 2.368943 2.094317 
14.19 -0.198259 0.926214 -0.834243 0.441601 -1.041612 0.000000 1.761844 0.510190 1.363664 2.266624 1.981280 
14.29 -0.239439 0.931633 -0.810212 0.308921 -1.098111 0.000000 1.761844 0.510190 1.344696 2.152607 1.942939 
14.39 -0.287772 0.931770 -0.810302 0.215459 -1.135340 0.000000 1.761844 0.510190 1.296281 2.073775 1.909903 
14.49 -0.293619 0.930651 -0.823761 0.166719 -1.133703 0.000000 1.761844 0.510190 1.277917 2.026851 1.872143 
14.59 -0.365331 0.926610 -0.799184 0.117223 -1.120651 0.000000 1.761844 0.510190 1.229041 1.888483 1.834602 
14.69 -0.353014 0.931405 -0.834675 -0.038943 -0.993896 0.000000 1.761844 0.510190 1.208427 1.789514 1.622443 
14.79 -0.430807 0.930241 -0.799389 -0.135631 -0.974212 0.000000 1.761844 0.510190 1.163448 1.691119 1.554941 
14.89 -0.436744 0.930885 -0.812985 -0.188655 -0.981168 0.000000 1.761844 0.510190 1.144804 1.642177 1.523237 
14.99 -0.495760 0.923492 -0.774479 -0.246787 -0.961144 0.000000 1.761844 0.510190 1.121779 1.580746 1.480565 
15.09 -0.528547 0.923540 -0.785964 -0.402680 -1.065392 0.000000 1.761844 0.510190 1.078178 1.468188 1.482005 
15.19 -0.552907 0.930069 -0.810727 -0.463957 -1.081221 0.000000 1.761844 0.510190 1.030744 1.417952 1.447459 
15.29 -0.570635 0.930485 -0.813221 -0.504844 -1.115471 0.000000 1.761844 0.510190 1.010693 1.395140 1.453848 
15.39 0.190073 1.002845 -1.570796 -0.442547 -1.145614 0.000000 1.761844 0.510190 1.032690 1.464346 1.448446 
15.49 -0.681039 0.916175 -0.774127 -0.475719 -1.145075 0.000000 1.761844 0.510190 0.936702 1.434294 1.475769 
15.59 0.233269 -0.901524 2.381455 -0.684105 -1.189289 0.000000 1.761844 0.510190 1.396321 1.273851 1.685277 
15.69 -0.781895 0.889294 -0.734727 -0.716213 -1.142778 0.000000 1.761844 0.510190 0.871768 1.222094 1.358759 
15.79 -0.814806 0.884096 -0.722161 -0.761019 -1.115556 0.000000 1.761844 0.510190 0.850663 1.169666 1.314366 
15.89 -0.858537 0.884789 -0.722349 -0.866790 -1.145782 0.000000 1.761844 0.510190 0.807170 1.097770 1.293746 
15.99 -0.871471 0.889761 -0.735717 -0.773957 -1.127935 0.000000 1.761844 0.510190 0.781769 1.165131 1.290997 
16.09 -0.988671 0.818674 -0.653747 -0.812099 -1.141962 0.000000 1.761844 0.510190 0.736081 1.140681 1.280196 
16.19 -1.002818 0.818569 -0.663509 -0.817111 -1.160074 0.000000 1.761844 0.510190 0.712434 1.146677 1.279616 
16.29 -1.056265 0.805950 -0.651921 -0.851460 -1.174414 0.000000 1.761844 0.510190 0.669165 1.126940 1.267479 
16.39 -1.027107 0.882988 -0.734615 -0.894601 -1.189849 0.000000 1.761844 0.510190 0.627520 1.101838 1.244554 
16.49 -1.078668 0.863530 -0.706795 -0.907401 -1.190941 0.000000 1.761844 0.510190 0.602087 1.092472 1.241059 
16.59 -1.044801 0.935418 -0.793450 -1.123200 -1.154539 0.000000 1.761844 0.510190 0.555855 0.907222 1.101164 
16.69 -1.071645 0.935935 -0.791521 -1.073380 -1.078316 0.000000 1.761844 0.510190 0.531067 0.892608 1.033173 
16.79 -1.077525 0.952108 -0.807384 -1.092154 -1.097827 0.000000 1.761844 0.510190 0.510202 0.890956 1.035286 
16.89 -1.131914 0.947278 -0.792903 -1.137686 -1.034909 0.000000 1.761844 0.510190 0.470654 0.815416 0.952848 
16.99 -1.119872 0.979299 -0.831064 -1.039519 -1.132562 0.000000 1.761844 0.510190 0.445157 0.953468 1.060513 
17.09 -1.158935 0.988360 -0.835257 -1.065277 -1.083129 0.000000 1.761844 0.510190 0.402267 0.901923 0.992447 
17.19 -1.213821 0.981429 -0.826055 -1.078524 -1.039102 0.000000 1.761844 0.510190 0.356868 0.864103 0.935953 
17.29 -1.187161 1.012552 -0.864134 -1.078040 -1.033419 0.000000 1.761844 0.510190 0.344841 0.861021 0.913878 
17.39 -1.275763 0.987362 -0.827249 -1.077078 -1.022099 0.000000 1.761844 0.510190 0.294563 0.854960 0.901859 
17.49 -1.308357 0.977074 -0.814016 -1.093674 -1.018406 0.000000 1.761844 0.510190 0.276159 0.839484 0.899935 
17.59 -1.320148 0.975225 -0.811384 -1.096965 -1.007647 0.000000 1.761844 0.510190 0.267362 0.830379 0.889037 
17.69 -1.342941 0.984364 -0.812718 -1.098449 -1.024551 0.000000 1.761844 0.510190 0.245275 0.839440 0.904720 
17.79 -1.325541 1.028982 -0.851522 -1.077558 -1.027752 0.000000 1.761844 0.510190 0.222609 0.857973 0.909231 
17.89 -1.346185 1.021510 -0.847389 -1.077558 -1.027752 0.000000 1.761844 0.510190 0.206122 0.857973 0.904637 
17.99 -1.378021 1.002867 -0.830115 -1.065707 -1.037657 0.000000 1.761844 0.510190 0.193156 0.873400 0.922780 
