0.05 0.225939 -1.870265 -2.092002 3.378562 1.024286 0.000000 2.124996 -2.148367 3.775162 5.617180 1.871963 
0.15 0.225939 -1.870265 -2.092002 3.379079 1.037182 0.000000 2.124996 -2.148367 3.775162 5.615120 1.871963 
0.25 0.225939 -1.870265 -2.092002 3.379346 1.043632 0.000000 2.124996 -2.148367 3.775162 5.614109 1.871963 
0.35 0.225939 -1.870265 -2.092002 3.378818 1.030733 0.000000 2.124996 -2.148367 3.775162 5.616144 1.871963 
0.45 0.225939 -1.870265 -2.092002 3.378818 1.030733 0.000000 2.124996 -2.148367 3.775162 5.616144 1.871963 
0.55 0.225939 -1.870265 -2.092002 3.379079 1.037182 0.000000 2.124996 -2.148367 3.775162 5.615120 1.871963 
0.65 0.420776 -1.812453 -1.982368 3.379079 1.037182 0.000000 2.124996 -2.148367 3.763636 5.615120 1.887743 
0.75 0.420776 -1.812453 -1.982368 3.379079 1.037182 0.000000 2.124996 -2.148367 3.763636 5.615120 1.887743 
0.85 0.416685 -1.824607 -1.986403 3.379079 1.037182 0.000000 2.124996 -2.148367 3.769625 5.615120 1.883750 
0.95 0.416685 -1.824607 -1.986403 3.378818 1.030733 0.000000 2.124996 -2.148367 3.769625 5.616144 1.879772 
1.05 0.414138 -1.821500 -1.985840 3.378818 1.030733 0.000000 2.124996 -2.148367 3.769696 5.616144 1.880779 
1.15 0.414138 -1.821500 -1.985840 3.379346 1.043632 0.000000 2.124996 -2.148367 3.769696 5.614109 1.880784 
1.25 0.414138 -1.821500 -1.985840 3.379079 1.037182 0.000000 2.124996 -2.148367 3.769696 5.615120 1.880784 
1.35 0.414138 -1.821500 -1.985840 3.378818 1.030733 0.000000 2.124996 -2.148367 3.769696 5.616144 1.880784 
1.45 0.414138 -1.821500 -1.985840 3.379346 1.043632 0.000000 2.124996 -2.148367 3.769696 5.614109 1.880784 
1.55 0.414138 -1.821500 -1.985840 3.379346 1.043632 0.000000 2.124996 -2.148367 3.769696 5.614109 1.880784 
1.65 0.621941 -1.765969 -1.869125 3.379346 1.043632 0.000000 2.124996 -2.148367 3.774777 5.614109 1.877639 
1.75 0.621941 -1.765969 -1.869125 3.379346 1.043632 0.000000 2.124996 -2.148367 3.774777 5.614109 1.875487 
1.85 0.591378 -1.776321 -1.884209 3.389345 1.043901 0.000000 2.124996 -2.148367 3.777898 5.623860 1.883048 
1.95 0.591378 -1.776321 -1.884209 3.379079 1.037182 0.000000 2.124996 -2.148367 3.777898 5.615120 1.883048 
2.05 0.591378 -1.776321 -1.884209 3.379619 1.050083 0.000000 2.124996 -2.148367 3.777898 5.613111 1.883048 
2.15 0.591378 -1.776321 -1.884209 3.107319 0.916546 0.000000 2.124996 -2.148367 3.777898 5.375360 1.883048 
2.25 0.591378 -1.776321 -1.884209 3.399053 1.037705 0.000000 2.124996 -2.148367 3.777898 5.634598 1.883048 
2.35 0.591378 -1.776321 -1.884209 3.389345 1.043901 0.000000 2.124996 -2.148367 3.777898 5.623860 1.883048 
2.45 0.789476 -1.677673 -1.763961 3.118165 0.929282 0.000000 2.124996 -2.148367 3.769545 5.383020 1.630579 
2.55 0.833117 -1.654938 -1.738761 3.118165 0.929282 0.000000 2.124996 -2.148367 3.766762 5.383020 1.630579 
2.65 0.833117 -1.654938 -1.738761 3.118165 0.929282 0.000000 2.124996 -2.148367 3.766762 5.383020 1.630579 
2.75 0.799282 -1.678984 -1.760322 3.378818 1.030733 0.000000 2.124996 -2.148367 3.771599 5.616144 1.881800 
2.85 0.799282 -1.678984 -1.760322 3.388822 1.030991 0.000000 2.124996 -2.148367 3.771599 5.625897 1.881800 
2.95 0.799282 -1.678984 -1.760322 3.107319 0.916546 0.000000 2.124996 -2.148367 3.771599 5.375360 1.881800 
3.05 0.799282 -1.678984 -1.760322 3.107319 0.916546 0.000000 2.124996 -2.148367 3.771599 5.375360 1.881800 
3.15 0.799282 -1.678984 -1.760322 3.107319 0.916546 0.000000 2.124996 -2.148367 3.771599 5.375360 1.881800 
3.25 0.799282 -1.678984 -1.760322 3.107319 0.916546 0.000000 2.124996 -2.148367 3.771599 5.375360 1.881800 
3.35 0.799282 -1.678984 -1.760322 3.107319 0.916546 0.000000 2.124996 -2.148367 3.771599 5.375360 1.881800 
3.45 0.799282 -1.678984 -1.760322 3.398304 1.018330 0.000000 2.124996 -2.148367 3.771599 5.637714 1.881800 
3.55 0.799282 -1.678984 -1.760322 3.398304 1.018330 0.000000 2.124996 -2.148367 3.771599 5.637714 1.881800 
3.65 0.799282 -1.678984 -1.760322 3.389345 1.043901 0.000000 2.124996 -2.148367 3.771599 5.623860 1.881800 
3.75 0.799282 -1.678984 -1.760322 3.388569 1.024538 0.000000 2.124996 -2.148367 3.771599 5.626935 1.881800 
3.85 0.799282 -1.678984 -1.760322 3.398798 1.031246 0.000000 2.124996 -2.148367 3.771599 5.635624 1.881800 
3.95 0.799282 -1.678984 -1.760322 3.398798 1.031246 0.000000 2.124996 -2.148367 3.771599 5.635624 1.881800 
4.05 0.799282 -1.678984 -1.760322 3.399053 1.037705 0.000000 2.124996 -2.148367 3.771599 5.634598 1.881800 
4.15 0.799282 -1.678984 -1.760322 3.399053 1.037705 0.000000 2.124996 -2.148367 3.771599 5.634598 1.881800 
4.25 0.799282 -1.678984 -1.760322 3.399314 1.044166 0.000000 2.124996 -2.148367 3.771599 5.633583 1.881800 
4.35 0.799282 -1.678984 -1.760322 3.399314 1.044166 0.000000 2.124996 -2.148367 3.771599 5.633583 1.881800 
4.45 0.799282 -1.678984 -1.760322 3.399053 1.037705 0.000000 2.124996 -2.148367 3.771599 5.634598 1.881800 
4.55 0.799282 -1.678984 -1.760322 3.398798 1.031246 0.000000 2.124996 -2.148367 3.771599 5.635624 1.881800 
4.65 0.799282 -1.678984 -1.760322 3.398548 1.024787 0.000000 2.124996 -2.148367 3.771599 5.636663 1.881800 
4.75 0.799282 -1.678984 -1.760322 3.398798 1.031246 0.000000 2.124996 -2.148367 3.771599 5.635624 1.881800 
4.85 0.799282 -1.678984 -1.760322 3.398798 1.031246 0.000000 2.124996 -2.148367 3.771599 5.635624 1.881800 
4.95 0.799282 -1.678984 -1.760322 3.398798 1.031246 0.000000 2.124996 -2.148367 3.771599 5.635624 1.881800 
5.05 0.799282 -1.678984 -1.760322 3.408744 1.031497 0.000000 2.124996 -2.148367 3.771599 5.645323 1.881800 
5.15 0.799282 -1.678984 -1.760322 3.419163 1.044688 0.000000 2.124996 -2.148367 3.771599 5.652947 1.881800 
5.25 0.799282 -1.678984 -1.760322 3.409254 1.044429 0.000000 2.124996 -2.148367 3.771599 5.643279 1.881800 
5.35 0.799282 -1.678984 -1.760322 3.440201 1.077625 0.000000 2.124996 -2.148367 3.771599 5.667266 1.881800 
0.02 0.799282 -1.678984 -1.760322 3.421686 1.102991 0.000000 1.842231 -1.965479 3.450545 5.334109 1.881800 
0.12 0.799282 -1.678984 -1.760322 3.422303 1.115963 0.000000 1.842231 -1.965479 3.450545 5.332636 1.881800 
0.22 0.799282 -1.678984 -1.760322 3.374388 1.146667 0.000000 1.842231 -1.965479 3.450545 5.280489 1.881800 
0.32 0.799282 -1.678984 -1.760322 3.297009 1.195118 0.000000 1.842231 -1.965479 3.450545 5.196657 1.881800 
0.42 0.939336 -1.606413 -1.673670 3.248369 1.224971 0.000000 1.842231 -1.965479 3.454050 5.144177 1.751423 
0.52 0.939336 -1.606413 -1.673670 3.148091 1.251781 0.000000 1.842231 -1.965479 3.454050 5.041099 1.751423 
0.62 0.939336 -1.606413 -1.673670 3.092588 1.318310 0.000000 1.842231 -1.965479 3.454050 4.977075 1.751423 
0.72 0.939336 -1.606413 -1.673670 3.087566 1.368687 0.000000 1.842231 -1.965479 3.454050 4.965789 1.751423 
0.82 0.939336 -1.606413 -1.673670 3.081513 1.406363 0.000000 1.842231 -1.965479 3.454050 4.955388 1.751423 
0.92 0.939336 -1.606413 -1.673670 3.081513 1.406363 0.000000 1.842231 -1.965479 3.454050 4.955388 1.751423 
1.02 0.939336 -1.606413 -1.673670 2.825440 1.307257 0.000000 1.842231 -1.965479 3.454050 4.713853 1.751423 
1.12 0.939336 -1.606413 -1.673670 2.825440 1.307257 0.000000 1.842231 -1.965479 3.454050 4.713853 1.751423 
1.22 1.108548 -1.474446 -1.559684 2.934986 1.376920 0.000000 1.842231 -1.965479 3.441569 4.813336 1.381399 
1.32 1.108509 -1.481214 -1.560001 2.871941 1.359908 0.000000 1.842231 -1.965479 3.447690 4.752908 1.404547 
1.42 1.076103 -1.506368 -1.582963 2.993067 1.513721 0.000000 1.842231 -1.965479 3.447278 4.856356 1.557427 
1.52 1.108548 -1.474446 -1.559684 2.963178 1.517492 0.000000 1.842231 -1.965479 3.441569 4.826246 1.536564 
1.62 1.040040 -1.535036 -1.605251 2.990259 1.634487 0.000000 1.842231 -1.965479 3.452763 4.843812 1.587423 
1.72 1.040040 -1.535036 -1.605251 2.984068 1.659485 0.000000 1.842231 -1.965479 3.452763 4.835990 1.587423 
1.82 1.108548 -1.474446 -1.559684 2.947494 1.681377 0.000000 1.842231 -1.965479 3.441569 4.798144 1.594849 
1.92 1.108548 -1.474446 -1.559684 2.965754 1.670450 0.000000 1.842231 -1.965479 3.441569 4.817029 1.594849 
2.02 1.167339 -1.430094 -1.517066 2.990259 1.634487 0.000000 1.842231 -1.965479 3.446310 4.843812 1.595722 
2.12 1.253854 -1.354579 -1.454885 3.017944 1.617931 0.000000 1.842231 -1.965479 3.446113 4.872586 1.616504 
2.22 1.309821 -1.291483 -1.410034 3.154983 1.591603 0.000000 1.842231 -1.965479 3.440963 5.011181 1.745269 
2.32 1.367218 -1.227000 -1.365625 3.207942 1.615532 0.000000 1.842231 -1.965479 3.435837 5.062283 1.806688 
2.42 1.415726 -1.165359 -1.324584 3.251174 1.645225 0.000000 1.842231 -1.965479 3.431334 5.103463 1.860972 
2.52 1.427094 -1.152695 -1.311383 3.234676 1.669978 0.000000 1.842231 -1.965479 3.437459 5.085500 1.849856 
2.62 1.469750 -1.105590 -1.278406 3.233825 1.663367 0.000000 1.842231 -1.965479 3.438216 5.085039 1.843382 
2.72 1.485512 -1.079400 -1.255586 3.234676 1.669978 0.000000 1.842231 -1.965479 3.445330 5.085500 1.845547 
2.82 1.503017 -1.062789 -1.244614 3.234676 1.669978 0.000000 1.842231 -1.965479 3.445466 5.085500 1.842254 
2.92 1.500491 -1.069879 -1.244961 3.214774 1.668250 0.000000 1.842231 -1.965479 3.451876 5.065733 1.818945 
3.02 1.564528 -0.956259 -1.177554 3.215645 1.674857 0.000000 1.842231 -1.965479 3.441229 5.066219 1.832557 
3.12 1.548189 -0.984701 -1.191181 3.215645 1.674857 0.000000 1.842231 -1.965479 3.448017 5.066219 1.829171 
3.22 1.608014 -0.874381 -1.127534 3.214774 1.668250 0.000000 1.842231 -1.965479 3.438383 5.065733 1.833007 
3.32 1.636270 -0.817499 -1.091861 3.203918 1.660775 0.000000 1.842231 -1.965479 3.438974 5.074702 1.815598 
3.42 1.614251 -0.866309 -1.113941 3.301258 1.655869 0.000000 1.842231 -1.965479 3.450926 5.152799 1.905141 
3.52 1.680573 -0.723693 -1.034217 3.230454 1.636963 0.000000 1.842231 -1.965479 3.440705 5.083312 1.837579 
3.62 1.710660 -0.657437 -0.995687 3.289878 1.641842 0.000000 1.842231 -1.965479 3.440837 5.142303 1.893657 
3.72 1.735777 -0.579948 -0.954787 3.288313 1.628619 0.000000 1.842231 -1.965479 3.434165 5.141591 1.892817 
3.82 1.727187 -0.586922 -0.954776 3.237950 1.618021 0.000000 1.842231 -1.965479 3.437742 5.092049 1.844088 
3.92 1.749018 -0.518501 -0.915209 3.257054 1.613050 0.000000 1.842231 -1.965479 3.438062 5.111450 1.860704 
4.02 1.749018 -0.518501 -0.915209 3.325284 1.611825 0.000000 1.842231 -1.965479 3.438062 5.179602 1.860704 
4.12 1.785864 -0.331010 -0.815806 3.324551 1.605215 0.000000 1.842231 -1.965479 3.425226 5.179327 1.934110 
4.22 1.770335 -0.420659 -0.858150 3.324551 1.605215 0.000000 1.842231 -1.965479 3.438192 5.179327 1.926217 
4.32 1.787870 -0.336706 -0.813508 3.325284 1.611825 0.000000 1.842231 -1.965479 3.434451 5.179602 1.930608 
4.42 1.805486 -0.204471 -0.745132 3.324551 1.605215 0.000000 1.842231 -1.965479 3.425939 5.179327 1.933301 
4.52 1.805817 -0.060933 -0.672270 3.324551 1.605215 0.000000 1.842231 -1.965479 3.410840 5.179327 1.946766 
4.62 1.802386 -0.089527 -0.683085 3.326019 1.618438 0.000000 1.842231 -1.965479 3.416648 5.179889 1.950736 
4.72 1.797269 -0.024869 -0.648811 3.315500 1.611084 0.000000 1.842231 -1.965479 3.410050 5.169893 1.946245 
4.82 1.769126 0.176912 -0.547299 3.326019 1.618438 0.000000 1.842231 -1.965479 3.381157 5.179889 1.984181 
4.92 1.731274 0.313645 -0.473159 3.326019 1.618438 0.000000 1.842231 -1.965479 3.362324 5.179889 1.983057 
5.02 1.720175 0.329574 -0.460707 3.306444 1.616941 0.000000 1.842231 -1.965479 3.360820 5.160459 1.991607 
5.12 1.678588 0.348734 -0.445960 3.229621 1.630371 0.000000 1.842231 -1.965479 3.337505 5.082911 1.957214 
5.22 1.634337 0.460462 -0.387045 3.211327 1.641861 0.000000 1.842231 -1.965479 3.312814 5.063909 1.965070 
5.32 1.602237 0.475363 -0.375885 3.191286 1.640132 0.000000 1.842231 -1.965479 3.293641 5.044021 1.972061 
5.42 1.602237 0.475363 -0.375885 3.144548 1.661963 0.000000 1.842231 -1.965479 3.293641 4.996008 1.972061 
5.52 1.491796 0.568695 -0.315295 3.106005 1.671348 0.000000 1.842231 -1.965479 3.230754 4.956971 1.980202 
5.62 1.491796 0.568695 -0.315295 3.081513 1.707856 0.000000 1.842231 -1.965479 3.230754 4.930479 1.980202 
5.72 1.491796 0.568695 -0.315295 3.026979 1.741152 0.000000 1.842231 -1.965479 3.230754 4.874375 1.980202 
5.82 1.280945 0.786766 -0.174707 2.916755 1.793565 0.000000 1.842231 -1.965479 3.120853 4.762090 1.960944 
5.92 1.280945 0.786766 -0.174707 2.864666 1.832478 0.000000 1.842231 -1.965479 3.120853 4.708776 1.960944 
6.02 1.280945 0.786766 -0.174707 2.819474 1.852628 0.000000 1.842231 -1.965479 3.120853 4.663071 1.960944 
6.12 1.280945 0.786766 -0.174707 2.742268 1.855615 0.000000 1.842231 -1.965479 3.120853 4.585816 1.960944 
6.22 1.089502 0.891789 -0.093346 2.703952 1.857022 0.000000 1.842231 -1.965479 3.006690 4.547477 1.910641 
6.32 1.089502 0.891789 -0.093346 2.646265 1.855794 0.000000 1.842231 -1.965479 3.006690 4.489836 1.910641 
6.42 1.089502 0.891789 -0.093346 2.560197 1.850646 0.000000 1.842231 -1.965479 3.006690 4.403926 1.910641 
6.52 1.089502 0.891789 -0.093346 2.513599 1.850650 0.000000 1.842231 -1.965479 3.006690 4.357343 1.910641 
6.62 1.066748 0.934273 -0.064304 2.433083 1.815025 0.000000 1.842231 -1.965479 3.005720 4.277961 1.701351 
6.72 1.020512 0.961616 -0.037939 2.397119 1.816430 0.000000 1.842231 -1.965479 2.986053 4.241970 1.632799 
6.82 1.020512 0.961616 -0.037939 2.361504 1.817841 0.000000 1.842231 -1.965479 2.986053 4.206327 1.632799 
6.92 0.971115 0.988493 -0.008938 3.044350 1.958771 0.000000 1.842231 -1.965479 2.966945 4.886586 2.293452 
7.02 0.974277 0.986907 -0.011847 3.020687 1.988877 0.000000 1.842231 -1.965479 2.966799 4.862975 2.284108 
7.12 0.974277 0.986907 -0.011847 2.932642 2.083212 0.000000 1.842231 -1.965479 2.966799 4.776325 2.284108 
7.22 0.971115 0.988493 -0.008938 2.895902 2.137829 0.000000 1.842231 -1.965479 2.966945 4.741267 2.245046 
7.32 0.971115 0.988493 -0.008938 2.818514 2.219633 0.000000 1.842231 -1.965479 2.966945 4.667669 2.245046 
7.42 0.971115 0.988493 -0.008938 2.779052 2.253566 0.000000 1.842231 -1.965479 2.966945 4.630254 2.245046 
7.52 0.971115 0.988493 -0.008938 2.770684 2.299261 0.000000 1.842231 -1.965479 2.966945 4.624975 2.245046 
7.62 0.971115 0.988493 -0.008938 2.721010 2.365237 0.000000 1.842231 -1.965479 2.966945 4.580718 2.245046 
7.72 0.632138 1.137566 0.165782 1.998686 2.214814 0.000000 1.842231 -1.965479 2.817632 3.849002 1.686217 
7.82 0.609535 1.147926 0.167680 1.993347 2.226522 0.000000 1.842231 -1.965479 2.795911 3.844451 1.695081 
7.92 0.437033 1.237292 0.289667 1.967741 2.253624 0.000000 1.842231 -1.965479 2.766529 3.820853 2.354150 
8.02 0.517310 1.165022 0.189888 2.662095 2.463817 0.000000 1.842231 -1.965479 2.729515 4.531810 2.397924 
8.12 0.580866 1.124463 0.138586 1.936447 2.254277 0.000000 1.842231 -1.965479 2.736481 3.789698 1.712324 
8.22 0.476142 1.199735 0.237253 2.527891 2.432007 0.000000 1.842231 -1.965479 2.742815 4.394954 2.253393 
8.32 0.476142 1.199735 0.237253 2.466354 2.400064 0.000000 1.842231 -1.965479 2.742815 4.330447 2.253393 
8.42 0.465803 1.205526 0.241481 2.453507 2.384184 0.000000 1.842231 -1.965479 2.737212 4.316095 2.165600 
8.52 0.465803 1.205526 0.241481 2.422116 2.364863 0.000000 1.842231 -1.965479 2.737212 4.283009 2.165600 
8.62 0.422536 1.195977 0.237698 2.376538 2.323062 0.000000 1.842231 -1.965479 2.690430 4.233897 2.103541 
8.72 0.345403 1.210220 0.264472 2.360573 2.293700 0.000000 1.842231 -1.965479 2.645340 4.215601 2.098860 
8.82 0.469156 1.113498 0.132568 2.316620 2.292165 0.000000 1.842231 -1.965479 2.622534 4.171663 2.113906 
8.92 0.264684 1.198865 0.265546 2.290248 2.254652 0.000000 1.842231 -1.965479 2.567114 4.142584 2.078861 
9.02 0.235525 1.211518 0.273573 2.319056 2.266418 0.000000 1.842231 -1.965479 2.546861 4.172155 2.114013 
9.12 0.162890 1.232302 0.310338 2.272242 2.251381 0.000000 1.842231 -1.965479 2.518506 4.124395 2.074153 
9.22 0.140358 1.232088 0.293122 2.257566 2.261707 0.000000 1.842231 -1.965479 2.474702 4.110486 2.093677 
9.32 0.129390 1.223078 0.284883 2.218718 2.241667 0.000000 1.842231 -1.965479 2.454072 4.070330 2.069946 
9.42 0.112297 1.221639 0.264270 2.158806 2.237251 0.000000 1.842231 -1.965479 2.411812 4.010257 2.044451 
9.52 0.018356 1.241716 0.301262 2.173900 2.265805 0.000000 1.842231 -1.965479 2.362489 4.027345 2.091623 
9.62 0.030329 1.235380 0.279607 2.116302 2.268097 0.000000 1.842231 -1.965479 2.347948 3.970084 2.057990 
9.72 -0.072297 1.252764 0.342994 2.096888 2.290302 0.000000 1.842231 -1.965479 2.323733 3.952489 2.054303 
9.82 -0.133037 1.253383 0.359769 2.048496 2.326470 0.000000 1.842231 -1.965479 2.284065 3.907438 2.055066 
9.92 -0.128935 1.246945 0.320061 1.992389 2.393739 0.000000 1.842231 -1.965479 2.238471 3.858461 2.081996 
10.02 -0.196678 1.251674 0.354292 1.939296 2.435636 0.000000 1.842231 -1.965479 2.213521 3.810643 2.068536 
10.12 -0.242282 1.249843 0.355088 1.856752 2.511324 0.000000 1.842231 -1.965479 2.168887 3.739041 2.072688 
10.22 -0.343756 1.251179 0.419157 1.818706 2.543362 0.000000 1.842231 -1.965479 2.148790 3.706266 2.055430 
10.32 -0.346598 1.249270 0.383475 1.775494 2.614872 0.000000 1.842231 -1.965479 2.100402 3.675548 2.101268 
10.42 -0.367191 1.248665 0.387125 1.711807 2.628178 0.000000 1.842231 -1.965479 2.084434 3.615295 2.067702 
10.52 -0.470025 1.240384 0.432873 1.687567 2.650068 0.000000 1.842231 -1.965479 2.039661 3.595571 2.073961 
10.62 -0.426781 1.255974 0.382418 1.670272 2.700985 0.000000 1.842231 -1.965479 2.019390 3.588683 2.108747 
10.72 -0.468975 1.266842 0.379415 1.162084 2.430415 0.000000 1.842231 -1.965479 1.974073 3.040078 1.561999 
10.82 -0.388050 1.279390 0.297902 1.605046 2.700295 0.000000 1.842231 -1.965479 1.950824 3.524723 2.102449 
10.92 -0.446190 1.281320 0.314328 1.509494 2.652449 0.000000 1.842231 -1.965479 1.913549 3.421402 2.010951 
11.02 -0.457296 1.290692 0.309852 1.454270 2.620788 0.000000 1.842231 -1.965479 1.896616 3.361005 1.951033 
11.12 -0.509174 1.288924 0.309345 1.129893 2.425064 0.000000 1.842231 -1.965479 1.844110 3.007447 1.606527 
11.22 -0.531961 1.285997 0.307191 1.098011 2.419855 0.000000 1.842231 -1.965479 1.818610 2.975144 1.595828 
11.32 -0.554698 1.283233 0.305073 1.059583 2.370606 0.000000 1.842231 -1.965479 1.793231 2.929958 1.551838 
11.42 -0.644426 1.269193 0.337946 1.010867 2.369303 0.000000 1.842231 -1.965479 1.745448 2.881535 1.534120 
11.52 -0.673832 1.269506 0.340368 0.990612 2.354118 0.000000 1.842231 -1.965479 1.719152 2.859378 1.521285 
11.62 -0.712086 1.275373 0.332247 0.938561 2.322494 0.000000 1.842231 -1.965479 1.670573 2.803617 1.487373 
11.72 -0.847697 1.242328 0.398417 0.917880 2.343652 0.000000 1.842231 -1.965479 1.619321 2.785898 1.496018 
11.82 -0.841144 1.260062 0.371885 0.898278 2.328901 0.000000 1.842231 -1.965479 1.592401 2.764501 1.489851 
11.92 -0.871977 1.268713 0.363454 0.872612 2.355434 0.000000 1.842231 -1.965479 1.551064 2.742707 1.506018 
12.02 -0.939751 1.242435 0.402874 0.856454 2.365278 0.000000 1.842231 -1.965479 1.533596 2.728139 1.500497 
12.12 -0.921740 1.272916 0.359047 0.814919 2.402006 0.000000 1.842231 -1.965479 1.495797 2.692769 1.516590 
12.22 -0.993556 1.247453 0.398079 0.778693 2.433670 0.000000 1.842231 -1.965479 1.474171 2.662414 1.507975 
12.32 -1.061618 1.241861 0.411399 0.873355 2.611519 0.000000 1.842231 -1.965479 1.423933 2.791375 1.709321 
12.42 -1.051409 1.264223 0.386443 0.692384 2.564922 0.000000 1.842231 -1.965479 1.402556 2.604535 1.552704 
12.52 -1.066397 1.259569 0.385135 0.674882 2.607049 0.000000 1.842231 -1.965479 1.385415 2.597590 1.579802 
12.62 -1.134620 1.236326 0.411876 0.620197 2.716347 0.000000 1.842231 -1.965479 1.351468 2.574365 1.622431 
12.72 -1.161226 1.248803 0.402433 0.718832 2.930829 0.000000 1.842231 -1.965479 1.313638 2.736959 1.856390 
12.82 -1.183220 1.245919 0.400555 0.708039 2.979038 0.000000 1.842231 -1.965479 1.288863 2.744300 1.897018 
12.92 -1.198706 1.263307 0.379686 0.539561 2.894675 0.000000 1.842231 -1.965479 1.246634 2.556627 1.741940 
13.02 -1.292589 1.204280 0.436891 0.510525 2.890367 0.000000 1.842231 -1.965479 1.225166 2.528019 1.715261 
13.12 -1.324145 1.212683 0.426587 0.609032 3.116328 0.000000 1.842231 -1.965479 1.180916 2.707978 1.966690 
13.22 -1.306924 1.247581 0.396561 0.574902 3.125494 0.000000 1.842231 -1.965479 1.160746 2.681076 1.961346 
13.32 -1.371855 1.236465 0.410322 0.494226 3.134738 0.000000 1.842231 -1.965479 1.114386 2.612699 1.923063 
13.42 -1.360787 1.268410 0.384299 0.437038 3.140861 0.000000 1.842231 -1.965479 1.092570 2.564487 1.900589 
13.52 -1.379182 1.290610 0.362884 0.268563 2.992265 0.000000 1.842231 -1.965479 1.046261 2.347284 1.681719 
13.62 -1.449265 1.243828 0.403420 0.179260 3.113668 0.000000 1.842231 -1.965479 1.029069 2.324815 1.735076 
13.72 -1.488442 1.241854 0.400270 0.038896 3.004045 0.000000 1.842231 -1.965479 0.985474 2.148781 1.579991 
13.82 -1.514121 1.234986 0.405756 0.075835 3.140121 0.000000 1.842231 -1.965479 0.967036 2.249169 1.715029 
13.92 -1.555554 1.241447 0.401959 -0.023470 3.138491 0.000000 1.842231 -1.965479 0.921630 2.164220 1.666075 
14.02 -1.529196 1.293207 0.362852 -0.071308 3.164913 0.000000 1.842231 -1.965479 0.897433 2.138881 1.675021 
14.12 -1.571453 1.269438 0.380007 -0.109810 3.162047 0.000000 1.842231 -1.965479 0.877718 2.105483 1.653126 
14.22 -1.647223 1.222553 0.406984 -0.200951 3.202119 0.000000 1.842231 -1.965479 0.835557 2.055013 1.650050 
14.32 -1.676205 1.232872 0.400354 -0.297523 3.259659 0.000000 1.842231 -1.965479 0.798891 2.015198 1.658310 
14.42 -1.688677 1.249906 0.390686 -0.368477 3.272917 0.000000 1.842231 -1.965479 0.774928 1.970113 1.639215 
14.52 -1.728135 1.259733 0.386778 -0.483096 3.334680 0.000000 1.842231 -1.965479 0.731838 1.929238 1.646543 
14.62 -1.761650 1.245918 0.396231 -0.521667 3.350683 0.000000 1.842231 -1.965479 0.711089 1.913813 1.643878 
14.72 -1.734963 1.302336 0.357319 -0.582632 3.383628 0.000000 1.842231 -1.965479 0.686493 1.896770 1.663802 
14.82 -1.758821 1.326548 0.341225 -0.660742 3.409717 0.000000 1.842231 -1.965479 0.641400 1.865942 1.665478 
14.92 -1.886762 1.228474 0.406018 -0.860314 3.096006 0.000000 1.842231 -1.965479 0.601088 1.497415 1.282287 
15.02 -1.840376 1.312612 0.354763 -0.883217 3.127101 0.000000 1.842231 -1.965479 0.580299 1.506344 1.315048 
15.12 -1.856151 1.358489 0.330325 -0.862538 3.426605 0.000000 1.842231 -1.965479 0.532853 1.759172 1.604679 
15.22 -1.874585 1.366613 0.328019 -0.924636 3.430754 0.000000 1.842231 -1.965479 0.512380 1.728876 1.586879 
15.32 -1.887796 1.406650 0.303886 -1.024896 3.405580 0.000000 1.842231 -1.965479 0.465522 1.655877 1.540085 
15.42 -1.931633 1.372439 0.322911 -1.086515 3.394886 0.000000 1.842231 -1.965479 0.448856 1.616883 1.512479 
15.52 -1.945030 1.415104 0.298379 -1.227019 3.369481 0.000000 1.842231 -1.965479 0.401256 1.532876 1.461186 
15.62 -1.967295 1.425002 0.295504 -1.280060 3.384443 0.000000 1.842231 -1.965479 0.376344 1.526268 1.460307 
15.72 -1.938963 1.501780 0.250619 -1.329531 3.358413 0.000000 1.842231 -1.965479 0.337604 1.484293 1.433575 
15.82 -1.953226 1.502793 0.249320 -1.393435 3.359456 0.000000 1.842231 -1.965479 0.321359 1.464441 1.426984 
15.92 -1.940860 1.545591 0.225735 -1.405275 3.361228 0.000000 1.842231 -1.965479 0.297576 1.462547 1.427363 
16.02 -1.997011 1.522203 0.243430 -1.445976 3.359332 0.000000 1.842231 -1.965479 0.271085 1.449084 1.406252 
16.12 -1.980516 1.566413 0.219896 -1.513967 3.386716 0.000000 1.842231 -1.965479 0.251129 1.458654 1.428103 
16.22 -1.979140 1.574276 0.214022 -1.557530 3.402404 0.000000 1.842231 -1.965479 0.242703 1.464858 1.444307 
16.32 -1.977071 1.608380 0.195231 -1.629684 3.448656 0.000000 1.842231 -1.965479 0.214773 1.498329 1.487295 
16.42 -2.065433 1.525288 0.243196 -1.655774 3.461947 0.000000 1.842231 -1.965479 0.205244 1.508040 1.484290 
16.52 -2.005864 1.624840 0.190738 -1.714844 3.490289 0.000000 1.842231 -1.965479 0.181074 1.530121 1.528418 
