0.10 0.183996 1.408090 -2.416174 -1.484578 -0.388584 0.000000 -0.797356 -0.442943 2.320142 2.428716 0.681967 
0.20 0.165213 1.415759 -2.401806 -1.484578 -0.388584 0.000000 -0.797356 -0.442943 2.325500 2.428716 0.681477 
0.30 0.144363 1.419954 -2.388124 -1.487916 -0.380161 0.000000 -0.797356 -0.442943 2.327266 2.428985 0.692037 
0.40 0.183996 1.408090 -2.416174 -1.491744 -0.376201 0.000000 -0.797356 -0.442943 2.320142 2.431249 0.696164 
0.50 0.183996 1.408090 -2.416174 -1.478823 -0.374749 0.000000 -0.797356 -0.442943 2.320142 2.418596 0.689620 
0.60 0.126225 1.423080 -2.374341 -1.483124 -0.375230 0.000000 -0.797356 -0.442943 2.328762 2.422807 0.691991 
0.70 0.066633 1.432273 -2.331460 -1.478823 -0.374749 0.000000 -0.797356 -0.442943 2.334005 2.418596 0.689106 
0.80 0.043614 1.424677 -2.317944 -1.491259 -0.371758 0.000000 -0.797356 -0.442943 2.325281 2.429299 0.701390 
0.90 0.004824 1.428710 -2.292606 -1.483124 -0.375230 0.000000 -0.797356 -0.442943 2.328422 2.422807 0.696770 
1.00 -0.081433 1.431049 -2.231381 -1.487916 -0.380161 0.000000 -0.797356 -0.442943 2.333170 2.428985 0.694576 
1.10 -0.116892 1.431414 -2.208264 -1.492232 -0.380650 0.000000 -0.797356 -0.442943 2.335797 2.433211 0.699143 
1.20 -0.133840 1.431209 -2.197233 -1.482645 -0.370792 0.000000 -0.797356 -0.442943 2.336981 2.420861 0.702785 
1.30 -0.172999 1.423648 -2.168361 -1.486949 -0.371274 0.000000 -0.797356 -0.442943 2.333800 2.425076 0.702818 
1.40 -0.211859 1.415085 -2.139338 -1.491744 -0.376201 0.000000 -0.797356 -0.442943 2.330703 2.431249 0.699421 
1.50 -0.241490 1.412238 -2.119848 -1.487431 -0.375714 0.000000 -0.797356 -0.442943 2.332429 2.427025 0.699241 
1.60 -0.305321 1.402702 -2.073785 -1.492232 -0.380650 0.000000 -0.797356 -0.442943 2.335359 2.433211 0.696746 
1.70 -0.391793 1.388340 -2.010813 -1.491259 -0.371758 0.000000 -0.797356 -0.442943 2.342615 2.429299 0.700870 
1.80 -0.361646 1.385494 -2.034343 -1.484578 -0.388584 0.000000 -0.797356 -0.442943 2.331556 2.428716 0.687739 
1.90 -0.433521 1.369507 -1.983071 -1.483606 -0.379674 0.000000 -0.797356 -0.442943 2.336115 2.424765 0.694781 
2.00 -0.477700 1.354207 -1.949095 -1.492232 -0.380650 0.000000 -0.797356 -0.442943 2.335791 2.433211 0.696944 
2.10 -0.524621 1.336926 -1.914642 -1.492722 -0.385107 0.000000 -0.797356 -0.442943 2.335929 2.435184 0.694177 
2.20 -0.597389 1.312905 -1.861502 -1.491744 -0.376201 0.000000 -0.797356 -0.442943 2.342168 2.431249 0.701311 
2.30 -0.642162 1.296486 -1.827882 -1.487431 -0.375714 0.000000 -0.797356 -0.442943 2.346621 2.427025 0.698635 
2.40 -0.680125 1.270099 -1.798999 -1.483124 -0.375230 0.000000 -0.797356 -0.442943 2.340234 2.422807 0.700008 
2.50 -0.709636 1.250760 -1.775029 -1.487916 -0.380161 0.000000 -0.797356 -0.442943 2.337500 2.428985 0.699449 
2.60 -0.737673 1.234752 -1.751167 -1.487431 -0.375714 0.000000 -0.797356 -0.442943 2.337940 2.427025 0.700480 
2.70 -0.747087 1.227464 -1.744104 -1.483124 -0.375230 0.000000 -0.797356 -0.442943 2.336428 2.422807 0.699909 
2.80 -0.809937 1.192445 -1.697378 -1.491744 -0.376201 0.000000 -0.797356 -0.442943 2.340590 2.431249 0.709114 
2.90 -0.836529 1.174070 -1.673244 -1.491744 -0.376201 0.000000 -0.797356 -0.442943 2.340899 2.431249 0.706671 
3.00 -0.923564 1.118643 -1.599925 -1.492232 -0.380650 0.000000 -0.797356 -0.442943 2.350161 2.433211 0.701079 
3.10 -0.899139 1.134803 -1.623755 -1.492232 -0.380650 0.000000 -0.797356 -0.442943 2.346930 2.433211 0.706122 
3.20 -0.922579 1.121131 -1.600732 -1.491744 -0.376201 0.000000 -0.797356 -0.442943 2.351546 2.431249 0.703442 
3.30 -0.922712 1.123070 -1.600602 -1.491744 -0.376201 0.000000 -0.797356 -0.442943 2.353229 2.431249 0.702317 
3.40 -0.923564 1.118643 -1.599925 -1.483124 -0.375230 0.000000 -0.797356 -0.442943 2.350161 2.422807 0.700397 
3.50 -0.923564 1.118643 -1.599925 -1.488404 -0.384615 0.000000 -0.797356 -0.442943 2.350161 2.430956 0.695638 
3.60 -0.922579 1.121131 -1.600732 -1.488404 -0.384615 0.000000 -0.797356 -0.442943 2.351546 2.430956 0.694619 
3.70 -0.922712 1.123070 -1.600602 -1.488404 -0.384615 0.000000 -0.797356 -0.442943 2.353229 2.430956 0.693490 
3.80 -0.809937 1.192445 -1.697378 -1.484578 -0.388584 0.000000 -0.797356 -0.442943 2.340590 2.428716 0.694871 
3.90 -0.743818 1.226877 -1.747011 -1.493215 -0.389571 0.000000 -0.797356 -0.442943 2.334097 2.437169 0.695686 
4.00 -0.638276 1.292173 -1.831988 -1.480269 -0.388095 0.000000 -0.797356 -0.442943 2.340695 2.424499 0.688107 
4.10 -0.492711 1.344905 -1.933704 -1.480269 -0.388095 0.000000 -0.797356 -0.442943 2.332517 2.424499 0.681864 
4.20 -0.472595 1.355378 -1.948681 -1.480756 -0.392558 0.000000 -0.797356 -0.442943 2.335676 2.426490 0.674740 
4.30 -0.366121 1.380582 -2.024651 -1.481246 -0.397028 0.000000 -0.797356 -0.442943 2.328629 2.428492 0.670428 
4.40 -0.249763 1.398775 -2.109322 -1.481246 -0.397028 0.000000 -0.797356 -0.442943 2.321002 2.428492 0.672971 
4.50 -0.224256 1.410461 -2.128657 -1.476936 -0.396537 0.000000 -0.797356 -0.442943 2.328221 2.424279 0.671739 
4.60 -0.129112 1.431110 -2.196453 -1.481246 -0.397028 0.000000 -0.797356 -0.442943 2.336926 2.428492 0.674754 
4.70 -0.056484 1.433197 -2.248307 -1.476936 -0.396537 0.000000 -0.797356 -0.442943 2.334175 2.424279 0.674206 
4.80 0.066043 1.425305 -2.332877 -1.481246 -0.397028 0.000000 -0.797356 -0.442943 2.326854 2.428492 0.674162 
4.90 0.164565 1.408674 -2.401486 -1.481246 -0.397028 0.000000 -0.797356 -0.442943 2.318462 2.428492 0.671639 
5.00 0.228895 1.404442 -2.445675 -1.476936 -0.396537 0.000000 -0.797356 -0.442943 2.323288 2.424279 0.668202 
5.10 0.352465 1.367296 -2.531975 -1.480756 -0.392558 0.000000 -0.797356 -0.442943 2.312846 2.426490 0.666762 
5.20 0.473382 1.331213 -2.618412 -1.481246 -0.397028 0.000000 -0.797356 -0.442943 2.314049 2.428492 0.659443 
5.30 0.520226 1.316719 -2.653673 -1.484091 -0.384126 0.000000 -0.797356 -0.442943 2.316856 2.426735 0.672456 
5.40 0.627557 1.266991 -2.733776 -1.488404 -0.384615 0.000000 -0.797356 -0.442943 2.315377 2.430956 0.669627 
5.50 0.658353 1.253944 -2.758067 -1.492722 -0.385107 0.000000 -0.797356 -0.442943 2.317664 2.435184 0.672999 
5.60 0.827762 1.140983 -2.897181 -1.492722 -0.385107 0.000000 -0.797356 -0.442943 2.311582 2.435184 0.665642 
5.70 0.941365 1.040775 -2.999635 -1.492722 -0.385107 0.000000 -0.797356 -0.442943 2.305868 2.435184 0.662716 
5.80 0.940006 1.050981 -2.997998 -1.492232 -0.380650 0.000000 -0.797356 -0.442943 2.312120 2.433211 0.667051 
5.90 1.064487 0.912931 -3.126516 -1.492232 -0.380650 0.000000 -0.797356 -0.442943 2.304843 2.433211 0.661591 
6.00 1.098225 0.883478 3.126150 -1.492232 -0.380650 0.000000 -0.797356 -0.442943 2.312052 2.433211 0.660571 
6.10 1.136176 0.826353 3.078781 -1.492232 -0.380650 0.000000 -0.797356 -0.442943 2.307619 2.433211 0.658684 
6.20 1.190015 0.746044 3.008875 -1.491259 -0.371758 0.000000 -0.797356 -0.442943 2.307141 2.429299 0.666549 
6.30 1.243397 0.633594 2.924677 -1.492232 -0.380650 0.000000 -0.797356 -0.442943 2.298606 2.433211 0.653760 
6.40 1.320029 0.441725 2.783837 -1.491259 -0.371758 0.000000 -0.797356 -0.442943 2.295804 2.429299 0.649566 
6.50 1.329565 0.415414 2.763693 -1.491259 -0.371758 0.000000 -0.797356 -0.442943 2.296771 2.429299 0.649647 
6.60 -1.805164 -0.522540 -0.319825 -1.491744 -0.376201 0.000000 -0.797356 -0.442943 2.788656 2.431249 0.689795 
6.70 -1.793054 -0.524688 -0.320603 -1.491259 -0.371758 0.000000 -0.797356 -0.442943 2.777417 2.429299 0.692724 
6.80 1.283740 0.382154 2.735052 -1.486469 -0.366841 0.000000 -0.797356 -0.442943 2.241877 2.423140 0.672362 
6.90 1.277344 0.298000 2.683752 -1.491259 -0.371758 0.000000 -0.797356 -0.442943 2.215065 2.429299 0.662910 
7.00 1.205305 0.452074 2.787767 -1.491259 -0.371758 0.000000 -0.797356 -0.442943 2.188150 2.429299 0.698853 
7.10 1.205305 0.452074 2.787767 -1.499896 -0.372734 0.000000 -0.797356 -0.442943 2.188150 2.437765 0.704619 
7.20 1.201189 0.467081 2.806821 -1.534175 -0.372291 0.000000 -0.797356 -0.442943 2.190412 2.469948 0.721665 
7.30 1.206300 0.443805 2.792567 -1.543444 -0.377788 0.000000 -0.797356 -0.442943 2.187393 2.480513 0.720810 
7.40 1.176247 0.480176 2.817490 -1.577121 -0.368589 0.000000 -0.797356 -0.442943 2.171505 2.509328 0.768727 
7.50 1.175833 0.453995 2.797024 -1.585454 -0.365188 0.000000 -0.797356 -0.442943 2.161347 2.516119 0.781345 
7.60 1.150014 0.439713 2.781264 -1.585676 -0.330143 0.000000 -0.797356 -0.442943 2.130847 2.505295 0.823776 
7.70 1.117958 0.466696 2.798863 -1.584142 -0.316911 0.000000 -0.797356 -0.442943 2.109705 2.499782 0.849556 
7.80 1.087823 0.387295 2.739803 -1.564095 -0.293030 0.000000 -0.797356 -0.442943 2.052572 2.473481 0.865605 
7.90 1.053152 0.406065 2.750944 -1.563614 -0.288676 0.000000 -0.797356 -0.442943 2.024907 2.471729 0.890027 
8.00 1.023838 0.360322 2.706293 -1.546391 -0.248402 0.000000 -0.797356 -0.442943 1.979928 2.443584 0.923586 
8.10 1.005417 0.349983 2.694263 -1.518390 -0.224450 0.000000 -0.797356 -0.442943 1.958138 2.409998 0.926976 
8.20 0.978210 0.277755 2.638312 -1.500769 -0.172727 0.000000 -0.797356 -0.442943 1.911132 2.379165 0.948246 
8.30 0.958904 0.300977 2.652576 -1.486211 -0.150800 0.000000 -0.797356 -0.442943 1.897621 2.359493 0.964217 
8.40 0.919837 0.265964 2.616211 -1.482974 -0.113719 0.000000 -0.797356 -0.442943 1.848691 2.347291 1.003551 
8.50 0.909410 0.196222 2.549538 -1.466760 -0.067928 0.000000 -0.797356 -0.442943 1.822122 2.321036 1.018817 
8.60 0.862307 0.226556 2.577455 -1.209210 -0.285468 0.000000 -0.797356 -0.442943 1.781518 2.134687 0.704779 
8.70 0.827256 0.256337 2.606230 -1.211633 -0.319329 0.000000 -0.797356 -0.442943 1.754231 2.148743 0.708848 
8.80 0.784776 0.232775 2.583830 -1.203357 -0.314462 0.000000 -0.797356 -0.442943 1.705962 2.139279 0.724987 
8.90 0.771755 0.188346 2.536121 -1.215937 -0.323902 0.000000 -0.797356 -0.442943 1.682369 2.154391 0.739690 
9.00 0.724221 0.191740 2.531946 -1.190255 -0.296636 0.000000 -0.797356 -0.442943 1.634514 2.120748 0.758022 
9.10 0.677168 0.219068 2.557684 -1.157848 -0.281769 0.000000 -0.797356 -0.442943 1.593589 2.085192 0.749296 
9.20 0.658591 0.199379 2.540293 -1.116016 -0.233551 0.000000 -0.797356 -0.442943 1.570780 2.029442 0.749868 
9.30 0.627040 0.237565 2.583821 -1.118707 -0.279145 0.000000 -0.797356 -0.442943 1.549850 2.047610 0.756471 
9.40 0.581755 0.235308 2.577455 -1.067133 -0.255293 0.000000 -0.797356 -0.442943 1.503609 1.990942 0.746124 
9.50 0.549478 0.255674 2.603247 -1.037013 -0.265953 0.000000 -0.797356 -0.442943 1.478709 1.966582 0.735019 
9.60 0.501868 0.268038 2.613846 -0.959466 -0.320015 0.000000 -0.797356 -0.442943 1.435590 1.915340 0.680976 
9.70 0.495489 0.231462 2.565320 -0.945522 -0.348731 0.000000 -0.797356 -0.442943 1.415483 1.914254 0.666239 
9.80 0.455797 0.213238 2.547656 -0.895035 -0.321211 0.000000 -0.797356 -0.442943 1.371058 1.856911 0.646164 
9.90 0.399957 0.238758 2.570535 -0.877215 -0.349815 0.000000 -0.797356 -0.442943 1.322582 1.852742 0.651930 
10.00 0.380519 0.239920 2.570091 -0.839261 -0.344110 0.000000 -0.797356 -0.442943 1.303408 1.816030 0.652082 
10.10 0.357569 0.222232 2.537387 -0.828495 -0.360558 0.000000 -0.797356 -0.442943 1.272446 1.813561 0.660974 
10.20 0.314679 0.223158 2.532580 -1.035682 -0.160285 0.000000 -0.797356 -0.442943 1.229000 1.929744 0.927668 
10.30 0.296645 0.208061 2.502250 -1.027907 -0.155911 0.000000 -0.797356 -0.442943 1.204007 1.920992 0.933142 
10.40 0.248366 0.219390 2.525598 -1.019796 -0.143567 0.000000 -0.797356 -0.442943 1.161327 1.909460 0.960660 
10.50 0.230638 0.209558 2.494861 -1.012233 -0.143219 0.000000 -0.797356 -0.442943 1.136886 1.902156 0.968265 
10.60 0.190331 0.205800 2.476165 -0.988632 -0.118405 0.000000 -0.797356 -0.442943 1.092802 1.872128 0.979292 
10.70 0.167974 0.206904 2.487534 -1.018429 -0.111802 0.000000 -0.797356 -0.442943 1.072772 1.898635 1.022756 
10.80 0.129332 0.192326 2.455019 -1.043510 -0.081457 0.000000 -0.797356 -0.442943 1.027225 1.914101 1.075802 
10.90 0.108439 0.209337 2.480768 -1.032187 -0.080954 0.000000 -0.797356 -0.442943 1.012203 1.903075 1.085595 
11.00 0.070147 0.203675 2.449576 -1.014398 -0.010335 0.000000 -0.797356 -0.442943 0.967385 1.867595 1.106996 
11.10 0.057764 0.196033 2.419696 -1.005034 0.043557 0.000000 -0.797356 -0.442943 0.948925 1.846109 1.114960 
11.20 0.011386 0.197544 2.441709 -0.774784 -0.166678 0.000000 -0.797356 -0.442943 0.906895 1.686197 0.893356 
11.30 -0.008922 0.192578 2.438317 -0.770415 -0.134939 0.000000 -0.797356 -0.442943 0.885826 1.670883 0.901785 
11.40 -0.049704 0.192955 2.434460 -0.772185 -0.041618 0.000000 -0.797356 -0.442943 0.844310 1.642637 0.938153 
11.50 -0.073524 0.193254 2.417441 -0.764682 -0.029951 0.000000 -0.797356 -0.442943 0.817200 1.632051 0.950089 
11.60 -0.113935 0.201057 2.414196 -0.760567 -0.003124 0.000000 -0.797356 -0.442943 0.776143 1.620524 0.981945 
11.70 -0.134124 0.200588 2.411817 -0.745861 0.008547 0.000000 -0.797356 -0.442943 0.755476 1.603190 0.981961 
11.80 -0.188575 0.198263 2.445587 -0.734761 0.023893 0.000000 -0.797356 -0.442943 0.707833 1.588390 1.008101 
11.90 -0.212372 0.195452 2.429341 -0.727471 0.027787 0.000000 -0.797356 -0.442943 0.680689 1.580333 1.016621 
12.00 -0.253614 0.196422 2.410701 -0.698571 0.028192 0.000000 -0.797356 -0.442943 0.635789 1.552358 1.018538 
12.10 -0.315363 -0.081731 -1.570796 -0.676886 0.032229 0.000000 -0.797356 -0.442943 1.042663 1.530384 0.834458 
12.20 -0.190374 -0.195556 -0.724624 -0.637182 0.043915 0.000000 -0.797356 -0.442943 1.081000 1.489001 0.699926 
12.30 -0.165199 -0.193646 -0.700394 -0.612000 0.047855 0.000000 -0.797356 -0.442943 1.060493 1.463686 0.681284 
12.40 -0.385116 0.197733 2.408613 -0.550954 0.059353 0.000000 -0.797356 -0.442943 0.503876 1.401813 0.970827 
12.50 -0.409047 0.195303 2.419606 -0.504178 -0.039150 0.000000 -0.797356 -0.442943 0.482096 1.387949 0.954244 
12.60 -0.460417 0.188023 2.453807 -0.740445 0.132318 0.000000 -0.797356 -0.442943 0.437518 1.568859 1.215639 
12.70 -0.479417 0.186608 2.439506 -0.697191 0.151307 0.000000 -0.797356 -0.442943 0.415536 1.522735 1.183844 
12.80 -0.532882 0.164856 2.511071 -0.618775 0.114994 0.000000 -0.797356 -0.442943 0.375991 1.453608 1.148287 
12.90 -0.542622 0.147127 2.525385 -0.590114 0.129944 0.000000 -0.797356 -0.442943 0.367199 1.422336 1.119773 
13.00 -0.558833 0.139679 2.512189 -0.525867 0.166899 0.000000 -0.797356 -0.442943 0.347636 1.351709 1.060978 
13.10 -0.575228 0.114733 2.575748 -0.486685 0.163177 0.000000 -0.797356 -0.442943 0.340853 1.314165 1.034898 
13.20 -0.601988 0.107826 2.609150 -0.468870 0.163124 0.000000 -0.797356 -0.442943 0.321209 1.296775 1.043439 
13.30 -0.614204 0.127505 2.555544 -0.447601 0.188697 0.000000 -0.797356 -0.442943 0.300261 1.270652 1.030806 
13.40 -0.642107 0.136386 2.537055 -0.451129 0.181393 0.000000 -0.797356 -0.442943 0.269924 1.275587 1.059358 
13.50 -0.658052 0.123395 2.555712 -0.429632 0.159263 0.000000 -0.797356 -0.442943 0.256484 1.259355 1.051107 
13.60 -0.683780 0.141449 2.532251 -0.419521 0.261292 0.000000 -0.797356 -0.442943 0.228743 1.230360 1.061285 
13.70 -0.694318 0.162956 2.481236 -0.423229 0.293786 0.000000 -0.797356 -0.442943 0.208463 1.229664 1.071545 
13.80 -0.719386 0.178651 2.463171 -0.423376 0.326117 0.000000 -0.797356 -0.442943 0.180865 1.226309 1.095666 
