0.05 -0.261553 -0.808296 -1.388760 -0.059683 0.093379 0.000000 1.742414 -1.493035 3.130047 2.188749 0.947966 
0.15 -0.262694 0.823414 1.775100 -0.053836 0.035671 0.000000 1.742414 -1.493035 2.956083 2.230517 0.915046 
0.25 -0.225341 0.824170 1.734700 -0.038841 0.001555 0.000000 1.742414 -1.493035 2.948665 2.264216 0.892913 
0.35 -0.297131 -0.837679 -1.426296 -0.028190 -0.047257 0.000000 1.742414 -1.493035 3.167490 2.304574 0.892336 
0.45 -0.354760 -0.837891 -1.492300 0.021633 -0.117197 0.000000 1.742414 -1.493035 3.187369 2.388454 0.841952 
0.55 -0.110318 0.840129 1.592170 0.057314 -0.177787 0.000000 1.742414 -1.493035 2.939842 2.455742 0.830158 
0.65 -0.413476 -0.937352 -1.570796 0.083009 -0.218699 0.000000 1.742414 -1.493035 3.288758 2.502439 0.876265 
0.75 -0.080719 0.843123 1.527739 0.089714 -0.269404 0.000000 1.742414 -1.493035 2.925177 2.542221 0.842904 
0.85 -0.420941 -0.844153 -1.620665 0.090474 -0.289746 0.000000 1.742414 -1.493035 3.208720 2.556910 0.778669 
0.95 -0.400298 -0.846025 -1.594318 0.063338 -0.350038 0.000000 1.742414 -1.493035 3.202650 2.580244 0.792445 
1.05 -0.159502 0.850423 1.605415 0.054493 -0.375449 0.000000 1.742414 -1.493035 2.933727 2.592317 0.947078 
1.15 -0.347192 -0.841548 -1.528963 0.031099 -0.405583 0.000000 1.742414 -1.493035 3.180301 2.598095 0.975628 
1.25 -0.157057 0.837661 1.600345 -0.000573 -0.477524 0.000000 1.742414 -1.493035 2.920724 2.630040 1.040015 
1.35 -0.332502 -0.835755 -1.544057 -0.021177 -0.583231 0.000000 1.742414 -1.493035 3.164473 2.696950 0.877999 
1.45 -0.185517 0.842725 1.600910 -0.025074 -0.610107 0.000000 1.742414 -1.493035 2.913194 2.715228 1.164169 
1.55 -0.170328 0.848329 1.538947 0.037360 -0.673240 0.000000 1.742414 -1.493035 2.891487 2.803631 1.185738 
1.65 -0.191020 0.854666 1.531199 -0.022195 -0.681387 0.000000 1.742414 -1.493035 2.882846 2.772592 1.255197 
1.75 -0.285481 -0.861627 -1.631171 0.052161 -0.668487 0.000000 1.742414 -1.493035 3.137182 2.809391 0.933005 
1.85 -0.286496 -0.861635 -1.653454 0.081529 -0.653526 0.000000 1.742414 -1.493035 3.131235 2.816823 0.913323 
1.95 -0.183985 -0.843297 -1.553328 0.053876 -0.597494 0.000000 1.742414 -1.493035 3.087159 2.756260 0.881457 
2.05 -0.305692 0.844528 1.568894 0.072623 -0.571393 0.000000 1.742414 -1.493035 2.845211 2.748859 1.169203 
2.15 -0.321420 0.841043 1.584765 0.130369 -0.526031 0.000000 1.742414 -1.493035 2.845605 2.753897 1.099859 
2.25 -0.294459 0.845374 1.548459 0.158350 -0.484908 0.000000 1.742414 -1.493035 2.837854 2.743203 1.048716 
2.35 -0.282615 0.848608 1.523142 0.181849 -0.454421 0.000000 1.742414 -1.493035 2.829927 2.737768 1.014634 
2.45 -0.288414 0.849286 1.511134 0.207289 -0.361676 0.000000 1.742414 -1.493035 2.820132 2.690966 0.937440 
2.55 -0.348773 0.842511 1.584497 0.201067 -0.335541 0.000000 1.742414 -1.493035 2.835862 2.668485 0.932780 
2.65 -0.327592 0.842019 1.561237 0.185644 -0.324517 0.000000 1.742414 -1.493035 2.828872 2.649698 0.928690 
2.75 -0.368475 0.833425 1.599815 0.140551 -0.312227 0.000000 1.742414 -1.493035 2.829892 2.608549 0.961938 
2.85 -0.360597 0.835401 1.578464 0.115457 -0.300943 0.000000 1.742414 -1.493035 2.820684 2.582643 0.975428 
2.95 -0.372806 0.844384 1.558942 0.090282 -0.284654 0.000000 1.742414 -1.493035 2.810875 2.553224 1.003700 
3.05 -0.139966 -0.852735 -1.612927 0.080100 -0.274107 0.000000 1.742414 -1.493035 3.051521 2.538572 0.796173 
3.15 -0.374161 0.870104 1.483479 0.070127 -0.268664 0.000000 1.742414 -1.493035 2.780206 2.527625 1.047966 
3.25 -0.121733 -0.876371 -1.681966 0.060349 -0.268303 0.000000 1.742414 -1.493035 3.033341 2.520370 0.859635 
3.35 -0.411921 0.886314 1.434344 -0.003583 -0.245925 0.000000 1.742414 -1.493035 2.739792 2.459169 1.132093 
3.45 -0.417666 0.889395 1.411604 -0.052504 -0.224374 0.000000 1.742414 -1.493035 2.721708 2.409417 1.162822 
3.55 -0.410954 0.914597 1.349666 -0.120146 -0.207625 0.000000 1.742414 -1.493035 2.696250 2.350319 1.226975 
3.65 -0.435747 0.920310 1.350483 -0.139507 -0.197219 0.000000 1.742414 -1.493035 2.688770 2.329435 1.251501 
3.75 -0.474021 0.920045 1.362497 -0.186949 -0.211141 0.000000 1.742414 -1.493035 2.679297 2.307312 1.314082 
3.85 -0.502251 0.905000 1.378783 -0.196759 -0.196028 0.000000 1.742414 -1.493035 2.666520 2.289537 1.311981 
3.95 -0.546173 0.887535 1.421633 -0.196759 -0.196028 0.000000 1.742414 -1.493035 2.668378 2.289537 1.319117 
4.05 -0.546173 0.887535 1.421633 -0.174327 -0.122379 0.000000 1.742414 -1.493035 2.668378 2.251324 1.254423 
4.15 -0.509643 0.899596 1.383426 -0.115451 0.032028 0.000000 1.742414 -1.493035 2.662298 2.186676 1.105766 
4.25 -0.536388 0.894912 1.416756 -0.087788 0.074741 0.000000 1.742414 -1.493035 2.675049 2.179300 1.069079 
4.35 -0.541211 0.896942 1.409037 -0.013982 0.192532 0.000000 1.742414 -1.493035 2.667837 2.163051 0.946409 
4.45 -0.534212 0.904202 1.395794 0.008903 0.244173 0.000000 1.742414 -1.493035 2.665694 2.150992 0.902601 
4.55 -0.456606 0.943137 1.283809 0.069661 0.313876 0.000000 1.742414 -1.493035 2.638204 2.161951 0.806751 
4.65 -0.448434 0.953926 1.253660 0.069309 0.337370 0.000000 1.742414 -1.493035 2.624275 2.148931 0.797012 
4.75 -0.513710 0.962473 1.276805 0.017143 0.328714 0.000000 1.742414 -1.493035 2.616454 2.109901 0.874944 
4.85 -0.025010 -0.977042 -1.923714 -0.016613 0.380578 0.000000 1.742414 -1.493035 2.916707 2.053278 0.944416 
4.95 -0.511623 0.993770 1.198004 -0.063911 0.399705 0.000000 1.742414 -1.493035 2.566470 2.003183 0.915106 
5.05 -0.523586 0.996563 1.184659 -0.101574 0.413993 0.000000 1.742414 -1.493035 2.548205 1.963845 0.940273 
5.15 -0.560826 1.001841 1.175456 -0.129793 0.432784 0.000000 1.742414 -1.493035 2.520919 1.929943 0.961428 
5.25 -0.562509 1.009572 1.155029 -0.148198 0.395785 0.000000 1.742414 -1.493035 2.504667 1.935325 0.995269 
5.35 -0.563512 1.024264 1.115812 -0.194987 0.419322 0.000000 1.742414 -1.493035 2.473774 1.883452 1.020172 
5.45 -0.632347 1.012427 1.162964 -0.213806 0.456471 0.000000 1.742414 -1.493035 2.474344 1.846918 1.035656 
5.55 -0.573678 1.054124 1.059855 -0.250753 0.419650 0.000000 1.742414 -1.493035 2.428716 1.837718 1.071022 
5.65 -0.605895 1.057849 1.069697 -0.269235 0.405852 0.000000 1.742414 -1.493035 2.421967 1.830908 1.105612 
5.75 0.082575 -1.091678 -2.128929 -0.296976 0.392090 0.000000 1.742414 -1.493035 2.757310 1.816968 1.206745 
5.85 0.160786 -1.075089 -2.074890 -0.306219 0.387499 0.000000 1.742414 -1.493035 2.735993 1.812420 1.201251 
5.95 -0.612474 1.114575 0.974816 -0.306240 0.392134 0.000000 1.742414 -1.493035 2.348873 1.809579 1.153757 
6.05 -0.630088 1.111045 0.973655 -0.296976 0.392090 0.000000 1.742414 -1.493035 2.332893 1.816968 1.144618 
6.15 -0.669385 1.127978 0.969495 -0.269305 0.419746 0.000000 1.742414 -1.493035 2.313781 1.822635 1.125641 
6.25 -0.624861 1.156057 0.911515 -0.241593 0.442742 0.000000 1.742414 -1.493035 2.291988 1.831824 1.083280 
6.35 -0.614505 1.185202 0.862887 -0.204787 0.511852 0.000000 1.742414 -1.493035 2.257764 1.824011 1.012187 
6.45 -0.616024 1.199714 0.847830 -0.186262 0.525609 0.000000 1.742414 -1.493035 2.247019 1.832355 0.996529 
6.55 -0.662160 1.210733 0.842450 -0.158637 0.599235 0.000000 1.742414 -1.493035 2.213624 1.818579 0.936654 
6.65 -0.663697 1.214711 0.827170 -0.140068 0.617597 0.000000 1.742414 -1.493035 2.194746 1.825898 0.906948 
6.75 -0.636057 1.244723 0.766439 -0.121526 0.658983 0.000000 1.742414 -1.493035 2.153116 1.822888 0.859170 
6.85 -0.636928 1.260218 0.748023 -0.102894 0.677363 0.000000 1.742414 -1.493035 2.137045 1.831215 0.839743 
6.95 -0.633028 1.277899 0.716449 -0.102925 0.700380 0.000000 1.742414 -1.493035 2.107295 1.821051 0.822861 
7.05 -0.635134 1.294727 0.704410 -0.093588 0.704974 0.000000 1.742414 -1.493035 2.099049 1.827476 0.825153 
7.15 -0.683497 1.300539 0.711322 -0.088932 0.732594 0.000000 1.742414 -1.493035 2.074621 1.819966 0.815397 
7.25 -0.571195 1.338329 0.620845 -0.088932 0.732594 0.000000 1.742414 -1.493035 2.057614 1.819966 0.797500 
7.35 -0.533872 1.355379 0.573663 -0.070218 0.760226 0.000000 1.742414 -1.493035 2.030623 1.825719 0.757527 
7.45 -0.519693 1.365048 0.552142 -0.065536 0.760228 0.000000 1.742414 -1.493035 2.016772 1.830007 0.754978 
7.55 -0.569599 1.371444 0.558793 -0.065538 0.755621 0.000000 1.742414 -1.493035 1.986743 1.831855 0.773859 
7.65 -0.488523 1.398892 0.479979 -0.074893 0.769435 0.000000 1.742414 -1.493035 1.955227 1.817753 0.753947 
7.75 -0.590174 1.396458 0.522889 -0.079574 0.764827 0.000000 1.742414 -1.493035 1.928505 1.815303 0.786006 
7.85 -0.565111 1.415770 0.486588 -0.079553 0.787854 0.000000 1.742414 -1.493035 1.905060 1.806208 0.767043 
7.95 -0.511237 1.437405 0.418114 -0.084235 0.783243 0.000000 1.742414 -1.493035 1.859070 1.803708 0.764721 
8.05 -0.574597 1.438772 0.448804 -0.084218 0.797059 0.000000 1.742414 -1.493035 1.849735 1.798332 0.772470 
8.15 -0.504271 1.470878 0.368405 -0.088893 0.797052 0.000000 1.742414 -1.493035 1.802707 1.794024 0.771104 
8.25 -0.515956 1.478985 0.361985 -0.088843 0.824687 0.000000 1.742414 -1.493035 1.785134 1.783532 0.752497 
8.35 -0.494095 1.496639 0.315079 -0.084167 0.824697 0.000000 1.742414 -1.493035 1.738423 1.787864 0.755439 
8.45 -0.441930 1.508300 0.272407 -0.088853 0.820081 0.000000 1.742414 -1.493035 1.724379 1.785254 0.754667 
8.55 -0.424572 1.528120 0.229962 -0.093507 0.829283 0.000000 1.742414 -1.493035 1.679842 1.777487 0.755921 
8.65 -0.476098 1.530843 0.247199 -0.088853 0.820081 0.000000 1.742414 -1.493035 1.658874 1.785254 0.780725 
8.75 -0.521795 1.533632 0.244990 -0.088862 0.815474 0.000000 1.742414 -1.493035 1.612751 1.786987 0.800210 
8.85 -0.478122 1.545436 0.202014 -0.102888 0.810844 0.000000 1.742414 -1.493035 1.588404 1.775790 0.801017 
8.95 -0.426477 1.560698 0.138944 -0.098256 0.783228 0.000000 1.742414 -1.493035 1.540255 1.790833 0.828559 
9.05 -0.446156 1.570120 0.137337 -0.107564 0.806232 0.000000 1.742414 -1.493035 1.520432 1.773255 0.818940 
9.15 -0.459845 1.596857 0.114656 -0.107589 0.787821 0.000000 1.742414 -1.493035 1.475512 1.780443 0.867302 
9.25 -0.452929 1.607020 0.093320 -0.102938 0.769415 0.000000 1.742414 -1.493035 1.448908 1.792068 0.895055 
9.35 -0.488792 1.613147 0.088602 -0.107615 0.751005 0.000000 1.742414 -1.493035 1.407071 1.795321 0.929656 
9.45 -0.388815 1.631008 0.011463 -0.130933 0.741802 0.000000 1.742414 -1.493035 1.379681 1.777983 0.925008 
9.55 -0.449247 1.635215 0.025557 -0.130902 0.691208 0.000000 1.742414 -1.493035 1.343853 1.799972 0.994152 
9.65 -0.339523 1.650031 -0.056433 -0.140207 0.682021 0.000000 1.742414 -1.493035 1.317324 1.795776 0.990217 
9.75 -0.344989 1.665507 -0.074786 -0.158749 0.640656 0.000000 1.742414 -1.493035 1.281843 1.798485 1.041535 
9.85 -0.339579 1.672639 -0.087198 -0.158715 0.626853 0.000000 1.742414 -1.493035 1.266636 1.805096 1.060939 
9.95 -0.331594 1.673545 -0.117198 -0.177115 0.562452 0.000000 1.742414 -1.493035 1.224356 1.821029 1.116427 
10.05 -0.309708 1.676826 -0.142046 -0.204921 0.544127 0.000000 1.742414 -1.493035 1.204741 1.806741 1.124309 
10.15 -0.347748 1.693937 -0.145333 -0.213831 0.461095 0.000000 1.742414 -1.493035 1.160623 1.844307 1.223682 
10.25 -0.339722 1.704973 -0.163818 -0.232235 0.428810 0.000000 1.742414 -1.493035 1.137072 1.847489 1.257061 
10.35 -0.337650 1.713554 -0.185519 -0.245693 0.350009 0.000000 1.742414 -1.493035 1.102038 1.883264 1.333950 
10.45 -0.477137 1.701985 -0.113498 -0.240850 0.322037 0.000000 1.742414 -1.493035 1.085182 1.904188 1.382235 
10.55 -0.345523 1.744407 -0.217022 -0.226631 0.289253 0.000000 1.742414 -1.493035 1.038338 1.935637 1.425393 
10.65 -0.449742 1.720956 -0.170006 -0.236093 0.308009 0.000000 1.742414 -1.493035 1.015962 1.916583 1.403495 
10.75 -0.523838 1.717373 -0.148961 -0.241811 0.488944 0.000000 1.742414 -1.493035 0.977858 1.805549 1.250097 
10.85 -0.494168 1.714664 -0.182627 -0.265070 0.512094 0.000000 1.742414 -1.493035 0.950694 1.773356 1.207912 
10.95 -0.500686 1.724797 -0.204746 -0.283757 0.571987 0.000000 1.742414 -1.493035 0.906384 1.725112 1.157849 
11.05 -0.618771 1.706848 -0.147676 -0.302307 0.604191 0.000000 1.742414 -1.493035 0.885385 1.692321 1.140480 
11.15 -0.659945 1.702847 -0.147377 -0.353130 0.673068 0.000000 1.742414 -1.493035 0.844865 1.613213 1.066927 
11.25 -0.593375 1.718475 -0.199593 -0.394584 0.700582 0.000000 1.742414 -1.493035 0.823400 1.563531 1.014239 
11.35 -0.672045 1.710864 -0.180447 -0.440583 0.755539 0.000000 1.742414 -1.493035 0.777341 1.496217 0.964107 
11.45 -0.668228 1.722101 -0.195884 -0.454371 0.778431 0.000000 1.742414 -1.493035 0.754685 1.472995 0.947115 
11.55 -0.714722 1.730145 -0.195484 -0.491132 0.805899 0.000000 1.742414 -1.493035 0.708259 1.427537 0.929713 
11.65 -0.634857 1.750911 -0.254823 -0.518701 0.815055 0.000000 1.742414 -1.493035 0.687940 1.398975 0.897638 
11.75 -0.779548 1.727142 -0.198066 -0.555460 0.815056 0.000000 1.742414 -1.493035 0.639975 1.366936 0.909170 
11.85 -0.749975 1.739971 -0.226103 -0.573840 0.810479 0.000000 1.742414 -1.493035 0.622417 1.353310 0.901960 
11.95 -0.841023 1.713884 -0.198736 -0.587624 0.792165 0.000000 1.742414 -1.493035 0.579956 1.350837 0.923079 
12.05 -0.936768 1.685449 -0.155610 -0.615200 0.773854 0.000000 1.742414 -1.493035 0.556398 1.337099 0.939766 
12.15 -0.977154 1.690331 -0.160003 -0.688808 0.709736 0.000000 1.742414 -1.493035 0.508831 1.312876 0.970843 
12.25 -1.054647 1.664466 -0.124735 -0.721077 0.673056 0.000000 1.742414 -1.493035 0.489642 1.309768 1.000684 
12.35 -1.060055 1.672818 -0.150617 -0.818181 0.608657 0.000000 1.742414 -1.493035 0.443361 1.279192 1.008229 
12.45 -1.151076 1.636892 -0.111669 -0.855388 0.567151 0.000000 1.742414 -1.493035 0.416132 1.282215 1.043572 
12.55 -1.216773 1.617358 -0.098275 -0.906805 0.506980 0.000000 1.742414 -1.493035 0.372833 1.292496 1.086660 
12.65 -1.245896 1.621266 -0.096122 -0.920982 0.474535 0.000000 1.742414 -1.493035 0.346671 1.308469 1.124781 
12.75 -1.368787 1.554096 -0.041816 -0.967867 0.455686 0.000000 1.742414 -1.493035 0.309867 1.294610 1.138941 
12.85 -1.383090 1.558748 -0.044717 -0.982002 0.446299 0.000000 1.742414 -1.493035 0.291037 1.293786 1.149285 
12.95 -1.408113 1.550257 -0.043590 -1.019587 0.445988 0.000000 1.742414 -1.493035 0.268143 1.272315 1.136389 
13.05 -1.447885 1.521361 -0.024078 -1.047773 0.455037 0.000000 1.742414 -1.493035 0.258414 1.248986 1.119547 
13.15 -1.441664 1.553182 -0.046649 -1.094872 0.473214 0.000000 1.742414 -1.493035 0.230058 1.208033 1.093917 
13.25 -1.480492 1.531902 -0.027645 -1.109008 0.482389 0.000000 1.742414 -1.493035 0.220160 1.192731 1.089430 
13.35 -1.466706 1.557672 -0.050377 -1.141937 0.519307 0.000000 1.742414 -1.493035 0.199446 1.143992 1.042854 
