0.10 -2.732945 -1.012115 -0.365831 -1.975000 -2.925000 0.000000 2.207825 -1.431277 3.354107 4.362494 1.025027 
0.20 -2.732945 -1.012115 -0.365831 -1.975000 -2.925000 0.000000 2.207825 -1.431277 3.354107 4.362494 1.025027 
0.30 -2.732945 -1.012115 -0.365831 -1.975000 -2.925000 0.000000 2.207825 -1.431277 3.354107 4.362494 1.025027 
0.40 -2.732945 -1.012115 -0.365831 -1.975000 -2.925000 0.000000 2.207825 -1.431277 3.354107 4.362494 1.025027 
0.50 -2.732945 -1.012115 -0.365831 -1.975000 -2.925000 0.000000 2.207825 -1.431277 3.354107 4.362494 1.025027 
0.60 -2.732945 -1.012115 -0.365831 -1.975000 -2.925000 0.000000 2.207825 -1.431277 3.354107 4.362494 1.025027 
0.70 -2.732945 -1.012115 -0.365831 -1.975000 -2.925000 0.000000 2.207825 -1.431277 3.354107 4.362494 1.025027 
0.80 -2.732945 -1.012115 -0.365831 -1.975000 -2.925000 0.000000 2.207825 -1.431277 3.354107 4.362494 1.025027 
0.90 -2.732945 -1.012115 -0.365831 -1.975000 -2.925000 0.000000 2.207825 -1.431277 3.354107 4.362494 1.025027 
1.00 -2.732945 -1.012115 -0.365831 -1.975000 -2.925000 0.000000 2.207825 -1.431277 3.354107 4.362494 1.025027 
1.10 -2.732945 -1.012115 -0.365831 -1.975000 -2.925000 0.000000 2.207825 -1.431277 3.354107 4.362494 1.025027 
1.20 -2.732945 -1.012115 -0.365831 -1.975000 -2.925000 0.000000 2.207825 -1.431277 3.354107 4.362494 1.025027 
1.30 -2.732945 -1.012115 -0.365831 -1.975000 -2.925000 0.000000 2.207825 -1.431277 3.354107 4.362494 1.025027 
1.40 -2.732945 -1.012115 -0.365831 -1.975000 -2.925000 0.000000 2.207825 -1.431277 3.354107 4.362494 1.025027 
1.50 -2.732945 -1.012115 -0.365831 -1.975000 -2.925000 0.000000 2.207825 -1.431277 3.354107 4.362494 1.025027 
1.60 -2.732945 -1.012115 -0.365831 -1.975000 -2.925000 0.000000 2.207825 -1.431277 3.354107 4.362494 1.025027 
1.70 -2.732945 -1.012115 -0.365831 -1.975000 -2.925000 0.000000 2.207825 -1.431277 3.354107 4.362494 1.025027 
1.80 -2.732945 -1.012115 -0.365831 -1.975000 -2.925000 0.000000 2.207825 -1.431277 3.354107 4.362494 1.025027 
1.90 -2.732945 -1.012115 -0.365831 -1.975000 -2.925000 0.000000 2.207825 -1.431277 3.354107 4.362494 1.025027 
2.00 -2.732945 -1.012115 -0.365831 -1.975000 -2.925000 0.000000 2.207825 -1.431277 3.354107 4.362494 1.025027 
2.10 -2.732945 -1.012115 -0.365831 -1.975000 -2.925000 0.000000 2.207825 -1.431277 3.354107 4.362494 1.025027 
2.20 -2.732945 -1.012115 -0.365831 -1.975000 -2.925000 0.000000 2.207825 -1.431277 3.354107 4.362494 1.025027 
2.30 -2.732945 -1.012115 -0.365831 -1.975000 -2.925000 0.000000 2.207825 -1.431277 3.354107 4.362494 1.025027 
2.40 -2.732945 -1.012115 -0.365831 -1.975000 -2.925000 0.000000 2.207825 -1.431277 3.354107 4.362494 1.025027 
2.50 -2.732945 -1.012115 -0.365831 -1.975000 -2.925000 0.000000 2.207825 -1.431277 3.354107 4.362494 1.025027 
2.60 -2.732945 -1.012115 -0.365831 -1.975000 -2.925000 0.000000 2.207825 -1.431277 3.354107 4.362494 1.025027 
2.70 -2.732945 -1.012115 -0.365831 -1.975000 -2.925000 0.000000 2.207825 -1.431277 3.354107 4.362494 1.025027 
2.80 -2.732945 -1.012115 -0.365831 -1.975000 -2.925000 0.000000 2.207825 -1.431277 3.354107 4.362494 1.025027 
2.90 -2.732945 -1.012115 -0.365831 -1.975000 -2.925000 0.000000 2.207825 -1.431277 3.354107 4.362494 1.025027 
3.00 -2.732945 -1.012115 -0.365831 -1.975000 -2.925000 0.000000 2.207825 -1.431277 3.354107 4.362494 1.025027 
3.10 -2.732945 -1.012115 -0.365831 -1.975000 -2.925000 0.000000 2.207825 -1.431277 3.354107 4.362494 1.025027 
3.20 -2.732945 -1.012115 -0.365831 -1.975000 -2.925000 0.000000 2.207825 -1.431277 3.354107 4.362494 1.025027 
3.30 -2.732945 -1.012115 -0.365831 -1.975000 -2.950000 0.000000 2.207825 -1.431277 3.354107 4.387458 1.049484 
3.40 -2.732945 -1.012115 -0.365831 -2.025000 -3.175000 0.000000 2.207825 -1.431277 3.354107 4.609903 1.263046 
3.50 -2.732945 -1.012115 -0.365831 -2.150000 -3.525000 0.000000 2.207825 -1.431277 3.354107 4.956614 1.602717 
3.60 -2.732945 -1.012115 -0.365831 -2.150000 -3.525000 0.000000 2.207825 -1.431277 3.354107 4.956614 1.602717 
3.70 -2.732945 -1.012115 -0.365831 -2.150000 -3.525000 0.000000 2.207825 -1.431277 3.354107 4.956614 1.602717 
3.80 -2.732945 -1.012115 -0.365831 -2.150000 -3.525000 0.000000 2.207825 -1.431277 3.354107 4.956614 1.602717 
3.90 -2.732945 -1.012115 -0.365831 -2.150000 -3.525000 0.000000 2.207825 -1.431277 3.354107 4.956614 1.602717 
4.00 -2.732945 -1.012115 -0.365831 -2.150000 -3.525000 0.000000 2.207825 -1.431277 3.354107 4.956614 1.602717 
4.10 -2.732945 -1.012115 -0.365831 -2.150000 -3.525000 0.000000 2.207825 -1.431277 3.354107 4.956614 1.602717 
4.20 -2.732945 -1.012115 -0.365831 -2.150000 -3.525000 0.000000 2.207825 -1.431277 3.354107 4.956614 1.602717 
4.30 -2.732945 -1.012115 -0.365831 -2.150000 -3.525000 0.000000 2.207825 -1.431277 3.354107 4.956614 1.602717 
4.40 -2.732945 -1.012115 -0.365831 -2.150000 -3.525000 0.000000 2.207825 -1.431277 3.354107 4.956614 1.602717 
4.50 -2.732945 -1.012115 -0.365831 -2.150000 -3.525000 0.000000 2.207825 -1.431277 3.354107 4.956614 1.602717 
4.60 -2.732945 -1.012115 -0.365831 -2.150000 -3.525000 0.000000 2.207825 -1.431277 3.354107 4.956614 1.602717 
4.70 -2.732945 -1.012115 -0.365831 -2.150000 -3.525000 0.000000 2.207825 -1.431277 3.354107 4.956614 1.602717 
4.80 -2.732945 -1.012115 -0.365831 -2.150000 -3.525000 0.000000 2.207825 -1.431277 3.354107 4.956614 1.602717 
4.90 -2.732945 -1.012115 -0.365831 -2.150000 -3.525000 0.000000 2.207825 -1.431277 3.354107 4.956614 1.602717 
5.00 -2.732945 -1.012115 -0.365831 -2.150000 -3.525000 0.000000 2.207825 -1.431277 3.354107 4.956614 1.602717 
5.10 -2.732945 -1.012115 -0.365831 -2.150000 -3.525000 0.000000 2.207825 -1.431277 3.354107 4.956614 1.602717 
5.20 -2.732945 -1.012115 -0.365831 -2.150000 -3.525000 0.000000 2.207825 -1.431277 3.354107 4.956614 1.602717 
5.30 -2.732945 -1.012115 -0.365831 -2.150000 -3.525000 0.000000 2.207825 -1.431277 3.354107 4.956614 1.602717 
5.40 -2.732945 -1.012115 -0.365831 -2.150000 -3.525000 0.000000 2.207825 -1.431277 3.354107 4.956614 1.602717 
5.50 -2.732945 -1.012115 -0.365831 -2.150000 -3.525000 0.000000 2.207825 -1.431277 3.354107 4.956614 1.602717 
5.60 -2.732945 -1.012115 -0.365831 -2.150000 -3.525000 0.000000 2.207825 -1.431277 3.354107 4.956614 1.602717 
5.70 -2.771233 -0.902017 -0.405831 -2.150000 -3.525000 0.000000 2.207825 -1.431277 3.354107 4.956614 1.602717 
5.80 -2.771233 -0.902017 -0.405831 -2.150000 -3.525000 0.000000 2.207825 -1.431277 3.354107 4.956614 1.602717 
5.90 -2.805087 -0.790475 -0.445831 -2.150000 -3.525000 0.000000 2.207825 -1.431277 3.354107 4.956614 1.602717 
6.00 -2.834454 -0.677669 -0.485831 -2.150000 -3.525000 0.000000 2.207825 -1.431277 3.354107 4.956614 1.602717 
6.10 -2.879544 -0.448988 -0.565831 -2.150000 -3.525000 0.000000 2.207825 -1.431277 3.354107 4.956614 1.602717 
6.20 -2.879544 -0.448988 -0.565831 -2.150000 -3.525000 0.000000 2.207825 -1.431277 3.354107 4.956614 1.602717 
6.30 -2.895196 -0.333477 -0.605831 -2.150000 -3.525000 0.000000 2.207825 -1.431277 3.354107 4.956614 1.602717 
6.40 -2.879544 -0.448988 -0.565831 -2.150000 -3.525000 0.000000 2.207825 -1.431277 3.354107 4.956614 1.602717 
6.50 -2.859286 -0.563779 -0.525831 -2.150000 -3.525000 0.000000 2.207825 -1.431277 3.354107 4.956614 1.602717 
6.60 -2.834454 -0.677669 -0.485831 -2.150000 -3.525000 0.000000 2.207825 -1.431277 3.354107 4.956614 1.602717 
6.70 -2.805087 -0.790475 -0.445831 -2.150000 -3.525000 0.000000 2.207825 -1.431277 3.354107 4.956614 1.602717 
6.80 -2.771233 -0.902017 -0.405831 -2.150000 -3.525000 0.000000 2.207825 -1.431277 3.354107 4.956614 1.602717 
6.90 -2.732945 -1.012115 -0.365831 -2.150000 -3.525000 0.000000 2.207825 -1.431277 3.354107 4.956614 1.602717 
7.00 -2.690285 -1.120594 -0.325831 -2.150000 -3.525000 0.000000 2.207825 -1.431277 3.354107 4.956614 1.602717 
7.10 -2.643322 -1.227280 -0.285831 -2.150000 -3.525000 0.000000 2.207825 -1.431277 3.354107 4.956614 1.602717 
7.20 -2.592129 -1.332003 -0.245831 -2.150000 -3.525000 0.000000 2.207825 -1.431277 3.354107 4.956614 1.602717 
7.30 -2.536790 -1.434595 -0.205831 -2.150000 -3.525000 0.000000 2.207825 -1.431277 3.354107 4.956614 1.602717 
7.40 -2.477392 -1.534892 -0.165831 -2.150000 -3.525000 0.000000 2.207825 -1.431277 3.354107 4.956614 1.602717 
7.50 -2.414031 -1.632734 -0.125831 -2.150000 -3.525000 0.000000 2.207825 -1.431277 3.354107 4.956614 1.602717 
7.60 -2.346808 -1.727963 -0.085831 -2.150000 -3.525000 0.000000 2.207825 -1.431277 3.354107 4.956614 1.602717 
7.70 -2.275831 -1.820428 -0.045831 -2.150000 -3.525000 0.000000 2.207825 -1.431277 3.354107 4.956614 1.602717 
7.80 -2.201213 -1.909981 -0.005831 -2.150000 -3.525000 0.000000 2.207825 -1.431277 3.354107 4.956614 1.602717 
7.90 -2.123073 -1.996479 0.034169 -2.150000 -3.525000 0.000000 2.207825 -1.431277 3.354107 4.956614 1.602717 
8.00 -2.041537 -2.079782 0.074169 -2.150000 -3.525000 0.000000 2.207825 -1.431277 3.354107 4.956614 1.602717 
8.10 -1.956735 -2.159758 0.114169 -2.150000 -3.525000 0.000000 2.207825 -1.431277 3.354107 4.956614 1.602717 
8.20 -1.868803 -2.236279 0.154169 -2.150000 -3.525000 0.000000 2.207825 -1.431277 3.354107 4.956614 1.602717 
8.30 -1.777880 -2.309222 0.194169 -2.150000 -3.525000 0.000000 2.207825 -1.431277 3.354107 4.956614 1.602717 
8.40 -1.684114 -2.378471 0.234169 -2.150000 -3.525000 0.000000 2.207825 -1.431277 3.354107 4.956614 1.602717 
8.50 -1.587653 -2.443915 0.274169 -2.150000 -3.525000 0.000000 2.207825 -1.431277 3.354107 4.956614 1.602717 
8.60 -1.488653 -2.505450 0.314169 -2.150000 -3.525000 0.000000 2.207825 -1.431277 3.354107 4.956614 1.602717 
8.70 -1.387271 -2.562976 0.354169 -2.150000 -3.525000 0.000000 2.207825 -1.431277 3.354107 4.956614 1.602717 
8.80 -1.283670 -2.616402 0.394169 -2.150000 -3.525000 0.000000 2.207825 -1.431277 3.354107 4.956614 1.602717 
8.90 -1.178015 -2.665642 0.434169 -2.150000 -3.525000 0.000000 2.207825 -1.431277 3.354107 4.956614 1.602717 
9.00 -1.070475 -2.710618 0.474169 -2.150000 -3.525000 0.000000 2.207825 -1.431277 3.354107 4.956614 1.602717 
9.10 -0.961223 -2.751257 0.514169 -2.150000 -3.525000 0.000000 2.207825 -1.431277 3.354107 4.956614 1.602717 
9.20 -0.850433 -2.787495 0.554169 -2.150000 -3.525000 0.000000 2.207825 -1.431277 3.354107 4.956614 1.602717 
9.30 -0.738283 -2.819274 0.594169 -2.150000 -3.525000 0.000000 2.207825 -1.431277 3.354107 4.956614 1.602717 
9.40 -0.624951 -2.846542 0.634169 -2.150000 -3.525000 0.000000 2.207825 -1.431277 3.354107 4.956614 1.602717 
9.50 -0.510620 -2.869257 0.674169 -2.150000 -3.525000 0.000000 2.207825 -1.431277 3.354107 4.956614 1.602717 
9.60 -0.395472 -2.887381 0.714169 -2.150000 -3.525000 0.000000 2.207825 -1.431277 3.354107 4.956614 1.602717 
9.70 -0.279691 -2.900886 0.754169 -2.150000 -3.525000 0.000000 2.207825 -1.431277 3.354107 4.956614 1.602717 
9.80 -0.173455 -2.910150 0.794169 -2.150000 -3.500000 0.000000 2.207825 -1.431277 3.347229 4.931615 1.584771 
9.90 -0.066933 -2.915159 0.834169 -2.150000 -3.450000 0.000000 2.207825 -1.431277 3.340082 4.881619 1.542154 
10.00 0.024715 -2.916503 0.874169 -2.150000 -3.425000 0.000000 2.207825 -1.431277 3.321588 4.856621 1.536362 
10.10 0.116345 -2.914182 0.914169 -2.150000 -3.300000 0.000000 2.207825 -1.431277 3.302517 4.731630 1.431547 
10.20 0.207808 -2.908198 0.954169 -2.150000 -3.275000 0.000000 2.207825 -1.431277 3.282888 4.706632 1.427372 
10.30 0.298958 -2.898561 0.994169 -2.175000 -3.200000 0.000000 2.207825 -1.431277 3.262724 4.631393 1.372168 
10.40 0.389651 -2.885287 1.034169 -2.175000 -3.200000 0.000000 2.207825 -1.431277 3.242046 4.631393 1.394044 
10.50 0.479740 -2.868397 1.074169 -2.175000 -3.150000 0.000000 2.207825 -1.431277 3.220880 4.581394 1.366661 
10.60 0.657533 -2.823882 1.154169 -2.175000 -3.150000 0.000000 2.207825 -1.431277 3.177177 4.581394 1.413026 
10.70 0.657533 -2.823882 1.154169 -2.175000 -3.150000 0.000000 2.207825 -1.431277 3.177177 4.581394 1.413026 
10.80 0.744952 -2.796329 1.194169 -2.175000 -3.150000 0.000000 2.207825 -1.431277 3.154693 4.581394 1.436805 
10.90 0.831199 -2.765302 1.234169 -2.175000 -3.150000 0.000000 2.207825 -1.431277 3.131823 4.581394 1.460907 
11.00 0.916137 -2.730851 1.274169 -2.175000 -3.150000 0.000000 2.207825 -1.431277 3.108596 4.581394 1.485279 
11.10 1.081542 -2.651901 1.354169 -2.175000 -3.150000 0.000000 2.207825 -1.431277 3.061191 4.581394 1.534630 
11.20 1.161745 -2.607530 1.394169 -2.175000 -3.150000 0.000000 2.207825 -1.431277 3.037074 4.581394 1.559514 
11.30 1.161745 -2.607530 1.394169 -2.175000 -3.150000 0.000000 2.207825 -1.431277 3.037074 4.581394 1.559514 
11.40 1.240109 -2.559986 1.434169 -2.175000 -3.150000 0.000000 2.207825 -1.431277 3.012724 4.581394 1.584475 
11.50 1.316509 -2.509347 1.474169 -2.175000 -3.150000 0.000000 2.207825 -1.431277 2.988176 4.581394 1.609472 
11.60 1.390823 -2.455693 1.514169 -2.175000 -3.150000 0.000000 2.207825 -1.431277 2.963463 4.581394 1.634465 
11.70 1.462932 -2.399111 1.554169 -2.175000 -3.150000 0.000000 2.207825 -1.431277 2.938622 4.581394 1.659413 
11.80 1.532721 -2.339690 1.594169 -2.150000 -3.025000 0.000000 2.207825 -1.431277 2.913690 4.456652 1.563633 
11.90 1.600077 -2.277525 1.634169 -2.100000 -2.950000 0.000000 2.207825 -1.431277 2.888705 4.382603 1.522287 
12.00 1.727067 -2.145369 1.714169 -2.075000 -2.725000 0.000000 2.207825 -1.431277 2.838732 4.158398 1.354725 
12.10 1.727067 -2.145369 1.714169 -2.075000 -2.725000 0.000000 2.207825 -1.431277 2.838732 4.158398 1.354725 
12.20 1.786498 -2.075589 1.754169 -2.075000 -2.675000 0.000000 2.207825 -1.431277 2.813825 4.108424 1.329299 
12.30 1.896754 -1.929180 1.834169 -2.000000 -2.550000 0.000000 2.207825 -1.431277 2.776705 3.986697 1.271864 
12.40 1.947403 -1.852787 1.874169 -2.000000 -2.500000 0.000000 2.207825 -1.431277 2.739935 3.936766 1.245214 
12.50 1.994957 -1.774429 1.914169 -2.000000 -2.500000 0.000000 2.207825 -1.431277 2.727830 3.936766 1.266088 
12.60 1.994957 -1.774429 1.914169 -2.000000 -2.500000 0.000000 2.207825 -1.431277 2.715729 3.936766 1.266088 
12.70 2.025001 -1.711346 1.945748 -2.000000 -2.500000 0.000000 2.207825 -1.431277 2.691810 3.936766 1.286556 
12.80 2.010769 -1.698680 1.952064 -2.000000 -2.450000 0.000000 2.207825 -1.431277 2.668155 3.886837 1.258360 
12.90 1.975001 -1.711188 1.945748 -2.000000 -2.450000 0.000000 2.207825 -1.431277 2.644577 3.886837 1.278464 
13.00 1.939155 -1.723470 1.939433 -1.975000 -2.375000 0.000000 2.207825 -1.431277 2.620973 3.813391 1.232561 
13.10 1.903232 -1.735525 1.933117 -1.975000 -2.325000 0.000000 2.207825 -1.431277 2.597343 3.763485 1.204442 
13.20 1.852452 -1.763014 1.918380 -1.900000 -2.250000 0.000000 2.207825 -1.431277 2.573687 3.694124 1.174971 
13.30 1.801274 -1.789753 1.903643 -1.900000 -2.200000 0.000000 2.207825 -1.431277 2.549938 3.644300 1.147151 
13.40 1.689996 -1.848085 1.869959 -1.900000 -2.150000 0.000000 2.207825 -1.431277 2.514134 3.594482 1.139465 
13.50 1.689996 -1.848085 1.869959 -1.900000 -2.150000 0.000000 2.207825 -1.431277 2.502173 3.594482 1.139465 
13.60 1.621755 -1.886144 1.846801 -1.900000 -2.100000 0.000000 2.207825 -1.431277 2.478134 3.544668 1.112370 
13.70 1.499156 -1.944810 1.808906 -1.875000 -2.025000 0.000000 2.207825 -1.431277 2.441818 3.472264 1.090989 
13.80 1.437044 -1.972391 1.789959 -1.875000 -2.000000 0.000000 2.207825 -1.431277 2.417494 3.447380 1.088346 
13.90 1.437044 -1.972391 1.789959 -1.875000 -2.000000 0.000000 2.207825 -1.431277 2.405309 3.447380 1.088346 
14.00 1.374421 -1.998790 1.771012 -1.875000 -1.975000 0.000000 2.207825 -1.431277 2.380847 3.422498 1.085982 
14.10 1.311309 -2.023997 1.752064 -1.875000 -1.975000 0.000000 2.207825 -1.431277 2.356302 3.422498 1.107558 
14.20 1.247731 -2.048005 1.733117 -1.875000 -1.900000 0.000000 2.207825 -1.431277 2.331679 3.347861 1.058397 
14.30 1.183710 -2.070803 1.714169 -1.850000 -1.800000 0.000000 2.207825 -1.431277 2.306986 3.251029 0.995134 
14.40 1.119268 -2.092385 1.695222 -1.850000 -1.775000 0.000000 2.207825 -1.431277 2.282228 3.226182 0.993577 
14.50 1.054429 -2.112741 1.676275 -1.850000 -1.750000 0.000000 2.207825 -1.431277 2.257414 3.201337 0.992262 
14.60 0.998183 -2.127682 1.661538 -1.850000 -1.750000 0.000000 2.207825 -1.431277 2.232549 3.201337 1.014514 
14.70 0.941723 -2.141792 1.646801 -1.825000 -1.725000 0.000000 2.207825 -1.431277 2.207652 3.179408 1.022693 
14.80 0.885062 -2.155069 1.632064 -1.825000 -1.700000 0.000000 2.207825 -1.431277 2.182725 3.154592 1.021918 
14.90 0.828210 -2.167509 1.617327 -1.825000 -1.650000 0.000000 2.207825 -1.431277 2.157775 3.104967 0.998131 
15.00 0.780350 -2.175843 1.606801 -1.825000 -1.575000 0.000000 2.207825 -1.431277 2.132804 3.030553 0.951572 
15.10 0.732405 -2.183674 1.596275 -1.825000 -1.575000 0.000000 2.207825 -1.431277 2.107823 3.030553 0.974208 
15.20 0.684381 -2.190999 1.585748 -1.825000 -1.550000 0.000000 2.207825 -1.431277 2.082833 3.005755 0.973954 
15.30 0.606653 -2.198995 1.573117 -1.825000 -1.550000 0.000000 2.207825 -1.431277 2.032839 3.005755 1.020040 
15.40 0.606653 -2.198995 1.573117 -1.825000 -1.550000 0.000000 2.207825 -1.431277 2.032839 3.005755 1.020040 
15.50 0.552023 -2.200162 1.571012 -1.800000 -1.525000 0.000000 2.207825 -1.431277 1.982840 2.984274 1.052535 
15.60 0.552023 -2.200162 1.571012 -1.800000 -1.525000 0.000000 2.207825 -1.431277 1.982840 2.984274 1.052535 
15.70 0.522390 -2.201267 1.568906 -1.800000 -1.525000 0.000000 2.207825 -1.431277 1.957840 2.984274 1.075697 
15.80 0.492754 -2.202309 1.566801 -1.750000 -1.400000 0.000000 2.207825 -1.431277 1.932841 2.868053 1.004990 
15.90 0.463117 -2.203289 1.564696 -1.725000 -1.350000 0.000000 2.207825 -1.431277 1.907841 2.822874 0.994456 
16.00 0.438117 -2.203289 1.564696 -1.725000 -1.350000 0.000000 2.207825 -1.431277 1.882841 2.822874 1.016555 
16.10 0.413117 -2.203289 1.564696 -1.700000 -1.300000 0.000000 2.207825 -1.431277 1.857841 2.778085 1.006798 
16.20 0.388117 -2.203289 1.564696 -1.700000 -1.250000 0.000000 2.207825 -1.431277 1.832841 2.728943 0.985265 
16.30 0.363117 -2.203289 1.564696 -1.675000 -1.175000 0.000000 2.207825 -1.431277 1.807841 2.660184 0.956154 
16.40 0.338117 -2.203289 1.564696 -1.675000 -1.175000 0.000000 2.207825 -1.431277 1.782841 2.660184 0.977209 
16.50 0.313117 -2.203289 1.564696 -1.675000 -1.175000 0.000000 2.207825 -1.431277 1.757841 2.660184 0.998446 
16.60 0.288117 -2.203289 1.564696 -1.675000 -1.175000 0.000000 2.207825 -1.431277 1.732841 2.660184 1.019854 
16.70 0.263117 -2.203289 1.564696 -1.675000 -1.175000 0.000000 2.207825 -1.431277 1.707841 2.660184 1.041422 
16.80 0.238117 -2.203289 1.564696 -1.675000 -1.175000 0.000000 2.207825 -1.431277 1.682841 2.660184 1.063140 
16.90 0.213117 -2.203289 1.564696 -1.650000 -1.125000 0.000000 2.207825 -1.431277 1.657841 2.616432 1.054444 
17.00 0.163117 -2.203289 1.564696 -1.600000 -1.000000 0.000000 2.207825 -1.431277 1.607841 2.506104 1.020181 
17.10 0.163117 -2.203289 1.564696 -1.600000 -1.000000 0.000000 2.207825 -1.431277 1.607841 2.506104 1.020181 
17.20 0.138117 -2.203289 1.564696 -1.600000 -0.950000 0.000000 2.207825 -1.431277 1.582841 2.457627 1.000203 
17.30 0.113117 -2.203289 1.564696 -1.600000 -0.950000 0.000000 2.207825 -1.431277 1.557842 2.457627 1.020361 
17.40 0.088117 -2.203289 1.564696 -1.600000 -0.950000 0.000000 2.207825 -1.431277 1.532842 2.457627 1.040729 
17.50 0.038117 -2.203289 1.564696 -1.575000 -0.725000 0.000000 2.207825 -1.431277 1.495342 2.247220 0.920830 
17.60 0.013117 -2.203289 1.564696 -1.550000 -0.650000 0.000000 2.207825 -1.431277 1.457842 2.182761 0.902944 
17.70 0.013117 -2.203289 1.564696 -1.550000 -0.650000 0.000000 2.207825 -1.431277 1.457842 2.182761 0.902944 
17.80 -0.011883 -2.203289 1.564696 -1.550000 -0.550000 0.000000 2.207825 -1.431277 1.432842 2.087628 0.853004 
17.90 -0.036883 -2.203289 1.564696 -1.575000 -0.475000 0.000000 2.207825 -1.431277 1.407842 2.008571 0.802136 
18.00 -0.061883 -2.203289 1.564696 -1.575000 -0.375000 0.000000 2.207825 -1.431277 1.382842 1.913923 0.757939 
18.10 -0.111883 -2.203289 1.564696 -1.550000 -0.300000 0.000000 2.207825 -1.431277 1.332843 1.852040 0.765754 
18.20 -0.111883 -2.203289 1.564696 -1.550000 -0.300000 0.000000 2.207825 -1.431277 1.332843 1.852040 0.765754 
18.30 -0.136883 -2.203289 1.564696 -1.550000 -0.225000 0.000000 2.207825 -1.431277 1.307843 1.782130 0.741104 
18.40 -0.161883 -2.203289 1.564696 -1.575000 -0.200000 0.000000 2.207825 -1.431277 1.282843 1.749723 0.719268 
18.50 -0.186883 -2.203289 1.564696 -1.575000 -0.175000 0.000000 2.207825 -1.431277 1.257843 1.726439 0.719402 
18.60 -0.211883 -2.203289 1.564696 -1.575000 -0.150000 0.000000 2.207825 -1.431277 1.232843 1.703204 0.719535 
18.70 -0.236883 -2.203289 1.564696 -1.575000 -0.125000 0.000000 2.207825 -1.431277 1.207843 1.680019 0.719668 
18.80 -0.286883 -2.203289 1.564696 -1.575000 -0.050000 0.000000 2.207825 -1.431277 1.157844 1.610791 0.708173 
18.90 -0.286883 -2.203289 1.564696 -1.575000 -0.050000 0.000000 2.207825 -1.431277 1.157844 1.610791 0.708173 
19.00 -0.336883 -2.203289 1.564696 -1.550000 0.075000 0.000000 2.207825 -1.431277 1.120344 1.507389 0.700816 
19.10 -0.361883 -2.203289 1.564696 -1.525000 0.125000 0.000000 2.207825 -1.431277 1.095344 1.473977 0.716200 
19.20 -0.361883 -2.203289 1.564696 -1.525000 0.125000 0.000000 2.207825 -1.431277 1.082844 1.473977 0.716200 
19.30 -0.386883 -2.203289 1.564696 -1.525000 0.150000 0.000000 2.207825 -1.431277 1.057844 1.451868 0.716345 
19.40 -0.411883 -2.203289 1.564696 -1.525000 0.200000 0.000000 2.207825 -1.431277 1.032844 1.407939 0.709092 
19.50 -0.436883 -2.203289 1.564696 -1.525000 0.200000 0.000000 2.207825 -1.431277 1.007845 1.407939 0.716635 
19.60 -0.461883 -2.203289 1.564696 -1.525000 0.250000 0.000000 2.207825 -1.431277 0.982845 1.364428 0.709384 
19.70 -0.486883 -2.203289 1.564696 -1.500000 0.325000 0.000000 2.207825 -1.431277 0.957845 1.313341 0.721648 
19.80 -0.511883 -2.203289 1.564696 -1.500000 0.375000 0.000000 2.207825 -1.431277 0.932845 1.271510 0.717074 
19.90 -0.561883 -2.203289 1.564696 -1.500000 0.475000 0.000000 2.207825 -1.431277 0.895346 1.189740 0.710481 
20.00 -0.561883 -2.203289 1.564696 -1.500000 0.475000 0.000000 2.207825 -1.431277 0.882846 1.189740 0.710481 
20.10 -0.586883 -2.203289 1.564696 -1.500000 0.475000 0.000000 2.207825 -1.431277 0.857846 1.189740 0.713649 
20.20 -0.611883 -2.203289 1.564696 -1.500000 0.500000 0.000000 2.207825 -1.431277 0.832847 1.169740 0.713800 
20.30 -0.636883 -2.203289 1.564696 -1.500000 0.500000 0.000000 2.207825 -1.431277 0.807847 1.169740 0.717825 
20.40 -0.661883 -2.203289 1.564696 -1.500000 0.550000 0.000000 2.207825 -1.431277 0.782847 1.130338 0.714102 
20.50 -0.686883 -2.203289 1.564696 -1.500000 0.600000 0.000000 2.207825 -1.431277 0.757848 1.091805 0.711239 
20.60 -0.711883 -2.203289 1.564696 -1.500000 0.650000 0.000000 2.207825 -1.431277 0.732848 1.054234 0.709246 
20.70 -0.736883 -2.203289 1.564696 -1.525000 0.675000 0.000000 2.207825 -1.431277 0.707848 1.018923 0.684459 
20.80 -0.761883 -2.203289 1.564696 -1.525000 0.675000 0.000000 2.207825 -1.431277 0.682849 1.018923 0.686832 
20.90 -0.786883 -2.203289 1.564696 -1.525000 0.675000 0.000000 2.207825 -1.431277 0.657849 1.018923 0.690104 
21.00 -0.811883 -2.203289 1.564696 -1.525000 0.675000 0.000000 2.207825 -1.431277 0.632850 1.018923 0.694260 
21.10 -0.836883 -2.203289 1.564696 -1.525000 0.675000 0.000000 2.207825 -1.431277 0.607851 1.018923 0.699287 
21.20 -0.861883 -2.203289 1.564696 -1.525000 0.675000 0.000000 2.207825 -1.431277 0.582851 1.018923 0.705164 
21.30 -0.886883 -2.203289 1.564696 -1.525000 0.725000 0.000000 2.207825 -1.431277 0.557852 0.982383 0.699585 
21.40 -0.911883 -2.203289 1.564696 -1.525000 0.725000 0.000000 2.207825 -1.431277 0.532853 0.982383 0.705460 
21.50 -0.936883 -2.203289 1.564696 -1.525000 0.775000 0.000000 2.207825 -1.431277 0.507853 0.947074 0.699883 
21.60 -0.961883 -2.203289 1.564696 -1.525000 0.825000 0.000000 2.207825 -1.431277 0.482854 0.913138 0.695161 
21.70 -1.011883 -2.203289 1.564696 -1.525000 0.850000 0.000000 2.207825 -1.431277 0.445356 0.896734 0.700330 
21.80 -1.011883 -2.203289 1.564696 -1.525000 0.850000 0.000000 2.207825 -1.431277 0.432857 0.896734 0.700330 
21.90 -1.036883 -2.203289 1.564696 -1.525000 0.850000 0.000000 2.207825 -1.431277 0.407858 0.896734 0.706198 
22.00 -1.061883 -2.203289 1.564696 -1.525000 0.850000 0.000000 2.207825 -1.431277 0.382859 0.896734 0.712896 
22.10 -1.086883 -2.203289 1.564696 -1.525000 0.850000 0.000000 2.207825 -1.431277 0.357861 0.896734 0.720400 
22.20 -1.121883 -2.203289 1.564696 -1.525000 0.900000 0.000000 2.207825 -1.431277 0.322864 0.865162 0.716094 
22.30 -1.121883 -2.203289 1.564696 -1.525000 0.900000 0.000000 2.207825 -1.431277 0.322864 0.865162 0.716094 
22.40 -1.139383 -2.203289 1.564696 -1.525000 0.950000 0.000000 2.207825 -1.431277 0.305365 0.835391 0.707422 
22.50 -1.156883 -2.203289 1.564696 -1.525000 1.075000 0.000000 2.207825 -1.431277 0.287867 0.770184 0.688713 
22.60 -1.188275 -2.195828 1.558380 -1.525000 1.125000 0.000000 2.207825 -1.431277 0.270369 0.748369 0.686353 
22.70 -1.229619 -2.188169 1.552064 -1.525000 1.175000 0.000000 2.207825 -1.431277 0.242878 0.729334 0.685948 
22.80 -1.229619 -2.188169 1.552064 -1.525000 1.175000 0.000000 2.207825 -1.431277 0.242878 0.729334 0.685948 
22.90 -1.239619 -2.188169 1.552064 -1.525000 1.175000 0.000000 2.207825 -1.431277 0.232883 0.729334 0.686404 
23.00 -1.249619 -2.188169 1.552064 -1.550000 1.250000 0.000000 2.207825 -1.431277 0.222889 0.682345 0.662498 
23.10 -1.259619 -2.188169 1.552064 -1.550000 1.275000 0.000000 2.207825 -1.431277 0.212895 0.676133 0.663795 
23.20 -1.269619 -2.188169 1.552064 -1.550000 1.300000 0.000000 2.207825 -1.431277 0.202901 0.670796 0.665428 
23.30 -1.279619 -2.188169 1.552064 -1.550000 1.325000 0.000000 2.207825 -1.431277 0.192909 0.666355 0.667395 
