1.84 0.555524 0.910486 0.470016 3.017708 -0.058367 0.000000 1.650688 -1.820630 2.851991 5.032351 2.198851 
1.94 0.555524 0.910486 0.470016 3.068935 -0.062800 0.000000 1.650688 -1.820630 2.851991 5.081550 2.198851 
2.04 0.555524 0.910486 0.470016 3.039990 -0.073083 0.000000 1.650688 -1.820630 2.851991 5.058519 2.198851 
2.14 0.555524 0.910486 0.470016 3.008356 -0.063916 0.000000 1.650688 -1.820630 2.851991 5.025755 2.198851 
2.24 0.472562 0.895045 0.456877 3.008356 -0.063916 0.000000 1.650688 -1.820630 2.757133 5.025755 2.270544 
2.34 0.413871 0.934002 0.511662 2.957128 -0.059353 0.000000 1.650688 -1.820630 2.748948 4.976575 2.241755 
2.44 0.413871 0.934002 0.511662 2.957128 -0.059353 0.000000 1.650688 -1.820630 2.748948 4.976575 2.241755 
2.54 0.392762 0.892968 0.446352 2.957128 -0.059353 0.000000 1.650688 -1.820630 2.667907 4.976575 2.241755 
2.64 0.328614 0.916015 0.477203 2.957128 -0.059353 0.000000 1.650688 -1.820630 2.631717 4.976575 2.241755 
2.74 0.318616 0.912067 0.475221 2.957128 -0.059353 0.000000 1.650688 -1.820630 2.619844 4.976575 2.241755 
2.84 0.314662 0.913324 0.476168 3.588267 -0.540736 0.000000 1.650688 -1.820630 2.616773 5.746538 3.132362 
2.94 0.345192 0.870062 0.390066 3.584125 -0.480044 0.000000 1.650688 -1.820630 2.570928 5.718074 3.152622 
3.04 0.292768 0.887805 0.421669 3.575876 -0.479567 0.000000 1.650688 -1.820630 2.545900 5.710331 3.169180 
3.14 0.282588 0.884561 0.405786 3.549826 -0.464559 0.000000 1.650688 -1.820630 2.521609 5.680443 3.163622 
3.24 0.258640 0.881451 0.382876 3.524369 -0.462905 0.000000 1.650688 -1.820630 2.477326 5.656479 3.183486 
3.34 0.241184 0.867132 0.363936 3.515801 -0.462325 0.000000 1.650688 -1.820630 2.444300 5.648406 3.209264 
3.44 0.079434 0.933049 0.503086 3.452631 -0.437609 0.000000 1.650688 -1.820630 2.407107 5.580637 3.175543 
3.54 0.127518 0.901946 0.423277 3.483534 -0.393055 0.000000 1.650688 -1.820630 2.381697 5.591122 3.214562 
3.64 0.130356 0.876329 0.355900 3.463108 -0.364827 0.000000 1.650688 -1.820630 2.325997 5.561217 3.242869 
3.74 0.002858 0.919361 0.481699 3.452757 -0.350706 0.000000 1.650688 -1.820630 2.310265 5.546156 3.240612 
3.84 -0.067884 0.919629 0.514081 3.402634 -0.306881 0.000000 1.650688 -1.820630 2.269415 5.482916 3.218572 
3.94 -0.093042 0.919991 0.524630 3.354085 -0.289664 0.000000 1.650688 -1.820630 2.254083 5.431491 3.182152 
4.04 -0.084767 0.905266 0.455225 3.221759 -0.231936 0.000000 1.650688 -1.820630 2.198289 5.287132 3.095260 
4.14 -0.140401 0.909126 0.492903 3.137076 -0.191478 0.000000 1.650688 -1.820630 2.177000 5.193387 3.022132 
4.24 -0.187854 0.924291 0.511523 3.030763 -0.149110 0.000000 1.650688 -1.820630 2.147637 5.078962 2.935228 
4.34 -0.130572 0.913359 0.419323 2.955405 -0.116334 0.000000 1.650688 -1.820630 2.119780 4.996791 2.883155 
4.44 -0.072811 0.907373 0.304579 2.873534 -0.039206 0.000000 1.650688 -1.820630 2.075020 4.891582 2.827063 
4.54 -0.203389 0.938046 0.439096 2.814684 0.022139 0.000000 1.650688 -1.820630 2.064713 4.813950 2.755767 
4.64 -0.218217 0.943098 0.399422 1.989146 0.567267 0.000000 1.650688 -1.820630 2.012673 3.849586 1.863932 
4.74 -0.285050 0.942908 0.448588 2.680320 0.227961 0.000000 1.650688 -1.820630 1.991999 4.614567 2.635795 
4.84 -0.388972 0.935009 0.511718 2.615978 0.404843 0.000000 1.650688 -1.820630 1.948038 4.495430 2.568542 
4.94 -0.393033 0.934939 0.492759 2.580829 0.506594 0.000000 1.650688 -1.820630 1.925786 4.430850 2.535231 
5.04 -0.465996 0.931881 0.517255 2.527445 0.677486 0.000000 1.650688 -1.820630 1.876373 4.331694 2.498169 
5.14 -0.422689 0.950323 0.447337 2.517519 0.764903 0.000000 1.650688 -1.820630 1.853259 4.299826 2.502665 
5.24 -0.535231 0.939277 0.521306 1.689640 0.931073 0.000000 1.650688 -1.820630 1.812111 3.456747 1.692662 
5.34 -0.500865 0.954337 0.461871 1.654520 0.935563 0.000000 1.650688 -1.820630 1.789189 3.421658 1.683626 
5.44 -0.555204 0.955577 0.477142 1.587939 1.012364 0.000000 1.650688 -1.820630 1.749886 3.337964 1.644836 
5.54 -0.532547 0.970267 0.423448 2.201262 1.049943 0.000000 1.650688 -1.820630 1.720493 3.928292 2.288709 
5.64 -0.578624 0.977442 0.433515 2.004770 1.196895 0.000000 1.650688 -1.820630 1.684250 3.708291 2.120334 
5.74 -0.624650 0.969046 0.455345 1.938581 1.253782 0.000000 1.650688 -1.820630 1.659590 3.633754 2.076277 
5.84 -0.660155 0.967197 0.446417 1.868965 1.249477 0.000000 1.650688 -1.820630 1.615236 3.565694 2.048920 
5.94 -0.649566 0.981518 0.405201 1.808858 1.333054 0.000000 1.650688 -1.820630 1.585683 3.493736 2.026472 
6.04 -0.701065 0.990278 0.408514 1.772196 1.335938 0.000000 1.650688 -1.820630 1.537230 3.457031 2.027644 
6.14 -0.756394 0.977508 0.436075 1.727735 1.327422 0.000000 1.650688 -1.820630 1.509022 3.414234 2.004169 
6.24 -0.771427 1.001199 0.398869 1.696182 1.373974 0.000000 1.650688 -1.820630 1.457204 3.376542 2.023909 
6.34 -0.782346 1.009621 0.391744 1.677329 1.399691 0.000000 1.650688 -1.820630 1.439049 3.354533 2.021914 
6.44 -0.779858 1.041810 0.344633 1.615519 1.481647 0.000000 1.650688 -1.820630 1.393548 3.283751 2.011629 
6.54 -0.842405 1.015471 0.388329 1.580263 1.538493 0.000000 1.650688 -1.820630 1.375468 3.243247 1.995142 
6.64 -0.848216 1.046515 0.353986 1.501810 1.678977 0.000000 1.650688 -1.820630 1.334204 3.155679 1.976265 
6.74 -0.842934 1.066530 0.327482 1.456211 1.740495 0.000000 1.650688 -1.820630 1.311755 3.107932 1.965748 
6.84 -0.939116 1.032575 0.382765 1.381616 1.916752 0.000000 1.650688 -1.820630 1.272724 3.033827 1.963666 
6.94 -0.990147 1.007075 0.409823 1.344541 1.974676 0.000000 1.650688 -1.820630 1.249285 2.999188 1.964369 
7.04 -0.996788 1.033852 0.373623 1.279599 2.098710 0.000000 1.650688 -1.820630 1.205964 2.943453 1.986566 
7.14 -1.055152 1.006919 0.412167 1.253495 2.135978 0.000000 1.650688 -1.820630 1.186635 2.921254 1.981511 
7.24 -1.044132 1.061308 0.357853 1.191359 2.263418 0.000000 1.650688 -1.820630 1.141587 2.876333 2.011945 
7.34 -1.093729 1.032965 0.391679 1.146982 2.298859 0.000000 1.650688 -1.820630 1.127131 2.838250 1.992166 
7.44 -1.161036 1.009982 0.405869 1.017038 2.370232 0.000000 1.650688 -1.820630 1.074423 2.723752 1.951222 
7.54 -1.240446 0.968049 0.443842 0.940257 2.377142 0.000000 1.650688 -1.820630 1.032622 2.650038 1.911017 
7.64 -1.213672 1.014067 0.391027 0.808829 2.487336 0.000000 1.650688 -1.820630 1.007125 2.548278 1.888710 
7.74 -1.232173 1.020067 0.389802 0.738256 2.520980 0.000000 1.650688 -1.820630 0.987219 2.489487 1.857826 
7.84 -1.290687 1.009544 0.404655 0.638589 2.589202 0.000000 1.650688 -1.820630 0.943580 2.414848 1.835072 
7.94 -1.337396 0.986688 0.427140 0.598141 2.628461 0.000000 1.650688 -1.820630 0.919315 2.389523 1.833700 
8.04 -1.373142 0.986303 0.418423 0.520277 2.682778 0.000000 1.650688 -1.820630 0.874925 2.335891 1.840028 
8.14 -1.350163 1.036000 0.376433 0.493732 2.745086 0.000000 1.650688 -1.820630 0.855703 2.335200 1.877454 
8.24 -1.417193 1.011403 0.397391 0.408611 2.834897 0.000000 1.650688 -1.820630 0.809975 2.295529 1.893592 
8.34 -1.439210 1.017102 0.395876 0.358207 2.774581 0.000000 1.650688 -1.820630 0.786314 2.223890 1.820862 
8.44 -1.467027 1.046170 0.381295 0.264300 3.006146 0.000000 1.650688 -1.820630 0.743196 2.252250 1.935729 
8.54 -1.526907 1.016896 0.397374 0.158031 3.126260 0.000000 1.650688 -1.820630 0.700121 2.230725 1.981714 
8.64 -1.577318 0.974502 0.431919 0.114370 3.136551 0.000000 1.650688 -1.820630 0.684026 2.201608 1.956827 
8.74 -1.582827 1.018316 0.394201 0.022303 3.165282 0.000000 1.650688 -1.820630 0.641153 2.146390 1.951668 
8.84 -1.619395 1.005962 0.406392 -0.018885 3.123838 0.000000 1.650688 -1.820630 0.616697 2.088332 1.891960 
8.94 -1.606310 1.053005 0.372898 -0.078070 3.141660 0.000000 1.650688 -1.820630 0.595641 2.053837 1.884892 
9.04 -1.680075 1.015972 0.399883 -0.181936 3.134684 0.000000 1.650688 -1.820630 0.549483 1.970779 1.824119 
9.14 -1.694977 1.031965 0.387120 -0.278683 3.159983 0.000000 1.650688 -1.820630 0.521799 1.917359 1.805527 
9.24 -1.774194 0.975357 0.421672 -0.440773 3.178033 0.000000 1.650688 -1.820630 0.477172 1.818361 1.745353 
9.34 -1.814888 0.977225 0.419491 -0.669037 3.240678 0.000000 1.650688 -1.820630 0.434416 1.726318 1.713912 
9.44 -1.852435 0.947171 0.436858 -0.718564 3.257751 0.000000 1.650688 -1.820630 0.413548 1.712943 1.709794 
9.54 -1.868656 0.963951 0.427677 -0.674363 3.233003 0.000000 1.650688 -1.820630 0.388562 1.716977 1.700334 
9.64 -1.861311 1.051706 0.376550 -0.773649 3.267696 0.000000 1.650688 -1.820630 0.344918 1.692099 1.703618 
9.74 -1.890815 1.035832 0.387100 -0.891241 3.313741 0.000000 1.650688 -1.820630 0.326146 1.675154 1.706376 
9.84 -1.965326 0.983355 0.418530 -0.937047 3.341066 0.000000 1.650688 -1.820630 0.282975 1.679586 1.706722 
9.94 -1.980750 0.998138 0.409453 -1.033196 3.357006 0.000000 1.650688 -1.820630 0.258723 1.655823 1.697403 
10.04 -1.966628 1.090526 0.360984 -1.086515 3.394886 0.000000 1.650688 -1.820630 0.222706 1.672296 1.719915 
10.14 -2.049126 0.995803 0.413311 -1.116942 3.422918 0.000000 1.650688 -1.820630 0.194000 1.688849 1.734877 
