0.03 -0.511328 -2.033085 -1.570796 2.752367 -1.521722 0.000000 1.535700 -2.030299 4.381335 5.568157 1.084464 
0.13 -0.511328 -2.033085 -1.570796 2.752367 -1.521722 0.000000 1.535700 -2.030299 4.381335 5.568157 1.084464 
0.23 -0.511328 -2.033085 -1.570796 2.750824 -1.514202 0.000000 1.535700 -2.030299 4.381335 5.562173 1.084464 
0.33 -0.511328 -2.033085 -1.570796 2.742056 -1.512642 0.000000 1.535700 -2.030299 4.381335 5.554424 1.084464 
0.43 -0.511328 -2.033085 -1.570796 2.736416 -1.526139 0.000000 1.535700 -2.030299 4.381335 5.558707 1.084464 
0.53 -0.511328 -2.033085 -1.570796 2.743615 -1.520170 0.000000 1.535700 -2.030299 4.381335 5.560429 1.084464 
0.63 -0.511328 -2.033085 -1.570796 2.745166 -1.527698 0.000000 1.535700 -2.030299 4.381335 5.566431 1.084464 
0.73 -0.511328 -2.033085 -1.570796 2.740488 -1.505114 0.000000 1.535700 -2.030299 4.381335 5.548417 1.084464 
0.83 -0.511328 -2.033085 -1.570796 2.805193 -1.820553 0.000000 1.535700 -2.030299 4.381335 5.802794 1.084464 
0.93 -0.511328 -2.033085 -1.570796 2.798259 -1.826862 0.000000 1.535700 -2.030299 4.381335 5.801800 1.084464 
1.03 -0.511328 -2.033085 -1.570796 2.724479 -1.509474 0.000000 1.535700 -2.030299 4.381335 5.538873 1.084464 
1.13 -0.511328 -2.033085 -1.570796 2.736416 -1.526139 0.000000 1.535700 -2.030299 4.381335 5.558707 1.084464 
1.23 -0.511328 -2.033085 -1.570796 2.724479 -1.509474 0.000000 1.535700 -2.030299 4.381335 5.538873 1.084464 
1.33 -0.511328 -2.033085 -1.570796 2.805193 -1.820553 0.000000 1.535700 -2.030299 4.381335 5.802794 1.084464 
1.43 -0.511328 -2.033085 -1.570796 2.734849 -1.518603 0.000000 1.535700 -2.030299 4.381335 5.552683 1.084464 
1.53 -0.511328 -2.033085 -1.570796 2.742056 -1.512642 0.000000 1.535700 -2.030299 4.381335 5.554424 1.084464 
1.63 -0.511328 -2.033085 -1.570796 2.726891 -1.480923 0.000000 1.535700 -2.030299 4.381335 5.522532 1.084464 
1.73 -0.511328 -2.033085 -1.570796 2.742056 -1.512642 0.000000 1.535700 -2.030299 4.381335 5.554424 1.084464 
1.83 -0.511328 -2.033085 -1.570796 2.743615 -1.520170 0.000000 1.535700 -2.030299 4.381335 5.560429 1.084464 
1.93 -0.511328 -2.033085 -1.570796 2.733274 -1.511066 0.000000 1.535700 -2.030299 4.381335 5.546657 1.084464 
2.03 -0.511328 -2.033085 -1.570796 2.743615 -1.520170 0.000000 1.535700 -2.030299 4.381335 5.560429 1.084464 
2.13 -0.511328 -2.033085 -1.570796 2.733274 -1.511066 0.000000 1.535700 -2.030299 4.381335 5.546657 1.084464 
2.23 -0.511328 -2.033085 -1.570796 2.742056 -1.512642 0.000000 1.535700 -2.030299 4.381335 5.554424 1.084464 
2.33 -0.511328 -2.033085 -1.570796 2.726070 -1.517019 0.000000 1.535700 -2.030299 4.381335 5.544921 1.084464 
2.43 -0.511328 -2.033085 -1.570796 2.717277 -1.515420 0.000000 1.535700 -2.030299 4.381335 5.537141 1.084464 
2.53 -0.511328 -2.033085 -1.570796 2.746707 -1.535226 0.000000 1.535700 -2.030299 4.381335 5.572431 1.084464 
2.63 -0.511328 -2.033085 -1.570796 2.743615 -1.520170 0.000000 1.535700 -2.030299 4.381335 5.560429 1.084464 
2.73 -0.511328 -2.033085 -1.570796 2.805193 -1.820553 0.000000 1.535700 -2.030299 4.381335 5.802794 1.084464 
2.83 -0.511328 -2.033085 -1.570796 2.729226 -1.532110 0.000000 1.535700 -2.030299 4.381335 5.557009 1.084464 
2.93 -0.511328 -2.033085 -1.570796 2.727652 -1.524564 0.000000 1.535700 -2.030299 4.381335 5.550966 1.084464 
3.03 -0.511328 -2.033085 -1.570796 2.729226 -1.532110 0.000000 1.535700 -2.030299 4.381335 5.557009 1.084464 
3.13 -0.511328 -2.033085 -1.570796 2.724479 -1.509474 0.000000 1.535700 -2.030299 4.381335 5.538873 1.084464 
3.23 -0.511328 -2.033085 -1.570796 2.722880 -1.501929 0.000000 1.535700 -2.030299 4.381335 5.532824 1.084464 
3.33 -0.511328 -2.033085 -1.570796 2.734849 -1.518603 0.000000 1.535700 -2.030299 4.381335 5.552683 1.084464 
3.43 -0.511328 -2.033085 -1.570796 2.726070 -1.517019 0.000000 1.535700 -2.030299 4.381335 5.544921 1.084464 
3.53 -0.511328 -2.033085 -1.570796 2.729226 -1.532110 0.000000 1.535700 -2.030299 4.381335 5.557009 1.084464 
3.63 -0.511328 -2.033085 -1.570796 2.727652 -1.524564 0.000000 1.535700 -2.030299 4.381335 5.550966 1.084464 
3.73 -0.511328 -2.033085 -1.570796 2.733274 -1.511066 0.000000 1.535700 -2.030299 4.381335 5.546657 1.084464 
3.83 -0.511328 -2.033085 -1.570796 2.789144 -1.818373 0.000000 1.535700 -2.030299 4.381335 5.789348 1.084464 
3.93 -0.511328 -2.033085 -1.570796 2.742056 -1.512642 0.000000 1.535700 -2.030299 4.381335 5.554424 1.084464 
4.03 -0.511328 -2.033085 -1.570796 2.742056 -1.512642 0.000000 1.535700 -2.030299 4.381335 5.554424 1.084464 
4.13 -0.511328 -2.033085 -1.570796 2.740488 -1.505114 0.000000 1.535700 -2.030299 4.381335 5.548417 1.084464 
4.23 -0.511328 -2.033085 -1.570796 2.737327 -1.490059 0.000000 1.535700 -2.030299 4.381335 5.536396 1.084464 
4.33 -0.511328 -2.033085 -1.570796 2.731691 -1.503529 0.000000 1.535700 -2.030299 4.381335 5.540629 1.084464 
4.43 -0.511328 -2.033085 -1.570796 2.743615 -1.520170 0.000000 1.535700 -2.030299 4.381335 5.560429 1.084464 
4.53 -0.511328 -2.033085 -1.570796 2.737327 -1.490059 0.000000 1.535700 -2.030299 4.381335 5.536396 1.084464 
4.63 -0.511328 -2.033085 -1.570796 2.730099 -1.495993 0.000000 1.535700 -2.030299 4.381335 5.534598 1.084464 
4.73 -0.511328 -2.033085 -1.570796 2.736416 -1.526139 0.000000 1.535700 -2.030299 4.381335 5.558707 1.084464 
4.83 -0.511328 -2.033085 -1.570796 2.797179 -1.819473 0.000000 1.535700 -2.030299 4.381335 5.796083 1.084464 
4.93 -0.511328 -2.033085 -1.570796 2.806253 -1.827928 0.000000 1.535700 -2.030299 4.381335 5.808483 1.084464 
5.03 -0.511328 -2.033085 -1.570796 2.116410 -1.363701 0.000000 1.535700 -2.030299 4.381335 4.985694 1.084464 
5.13 -0.511328 -2.033085 -1.570796 2.107772 -1.361675 0.000000 1.535700 -2.030299 4.381335 4.977989 1.084464 
5.23 -0.511328 -2.033085 -1.570796 2.105756 -1.354017 0.000000 1.535700 -2.030299 4.381335 4.971297 1.084464 
5.33 -0.511328 -2.033085 -1.570796 2.809981 -1.799491 0.000000 1.535700 -2.030299 4.381335 5.792429 1.084464 
5.43 -0.511328 -2.033085 -1.570796 2.811063 -1.806872 0.000000 1.535700 -2.030299 4.381335 5.798123 1.084464 
5.53 -0.511328 -2.033085 -1.570796 2.812132 -1.814246 0.000000 1.535700 -2.030299 4.381335 5.803807 1.084464 
5.63 -0.511328 -2.033085 -1.570796 2.107772 -1.361675 0.000000 1.535700 -2.030299 4.381335 4.977989 1.084464 
5.73 -0.511328 -2.033085 -1.570796 2.107772 -1.361675 0.000000 1.535700 -2.030299 4.381335 4.977989 1.084464 
5.83 -0.511328 -2.033085 -1.570796 2.812132 -1.814246 0.000000 1.535700 -2.030299 4.381335 5.803807 1.084464 
5.93 -0.511328 -2.033085 -1.570796 2.812132 -1.814246 0.000000 1.535700 -2.030299 4.381335 5.803807 1.084464 
6.03 -0.511328 -2.033085 -1.570796 2.812132 -1.814246 0.000000 1.535700 -2.030299 4.381335 5.803807 1.084464 
6.13 -0.511328 -2.033085 -1.570796 2.812132 -1.814246 0.000000 1.535700 -2.030299 4.381335 5.803807 1.084464 
6.23 -0.511328 -2.033085 -1.570796 2.812132 -1.814246 0.000000 1.535700 -2.030299 4.381335 5.803807 1.084464 
6.33 -0.511328 -2.033085 -1.570796 2.808332 -1.842657 0.000000 1.535700 -2.030299 4.381335 5.819829 1.084464 
6.43 -0.511328 -2.033085 -1.570796 2.777488 -1.845799 0.000000 1.535700 -2.030299 4.381335 5.798942 1.084464 
6.53 -0.511328 -2.033085 -1.570796 2.757866 -1.872179 0.000000 1.535700 -2.030299 4.381335 5.802072 1.084464 
6.63 -0.511328 -2.033085 -1.570796 2.729218 -1.890056 0.000000 1.535700 -2.030299 4.381335 5.792987 1.084464 
6.73 -0.511328 -2.033085 -1.570796 2.656483 -1.879116 0.000000 1.535700 -2.030299 4.381335 5.732183 1.084464 
6.83 -0.511328 -2.033085 -1.570796 2.631937 -1.875128 0.000000 1.535700 -2.030299 4.381335 5.711529 1.084464 
6.93 -0.511328 -2.033085 -1.570796 2.574977 -1.828023 0.000000 1.535700 -2.030299 4.381335 5.637758 1.084464 
7.03 -0.511328 -2.033085 -1.570796 2.524775 -1.781132 0.000000 1.535700 -2.030299 4.381335 5.569063 1.084464 
7.13 -0.511328 -2.033085 -1.570796 2.486728 -1.683681 0.000000 1.535700 -2.030299 4.381335 5.474813 1.084464 
7.23 -0.511328 -2.033085 -1.570796 2.461392 -1.611308 0.000000 1.535700 -2.030299 4.381335 5.407222 1.084464 
7.33 -0.511328 -2.033085 -1.570796 2.357230 -1.332530 0.000000 1.535700 -2.030299 4.381335 5.144271 1.084464 
7.43 -0.511328 -2.033085 -1.570796 2.353259 -1.317323 0.000000 1.535700 -2.030299 4.381335 5.131332 1.084464 
7.53 -0.511328 -2.033085 -1.570796 2.266655 -1.276658 0.000000 1.535700 -2.030299 4.381335 5.039233 1.084464 
7.63 -0.511328 -2.033085 -1.570796 2.231119 -1.268688 0.000000 1.535700 -2.030299 4.381335 5.007219 1.084464 
7.73 -0.511328 -2.033085 -1.570796 2.167863 -1.311177 0.000000 1.535700 -2.030299 4.381335 4.988170 1.084464 
7.83 -0.511328 -2.033085 -1.570796 2.138494 -1.261882 0.000000 1.535700 -2.030299 4.381335 4.933372 1.084464 
7.93 -0.511328 -2.033085 -1.570796 2.116402 -1.270976 0.000000 1.535700 -2.030299 4.381335 4.923034 1.084464 
8.03 -0.511328 -2.033085 -1.570796 2.129028 -1.288034 0.000000 1.535700 -2.030299 4.381335 4.943841 1.084464 
8.13 1.322144 0.677202 0.285348 2.034176 -1.203200 0.000000 1.535700 -2.030299 3.470139 4.816589 1.588515 
8.23 1.322144 0.677202 0.285348 2.107482 -1.205727 0.000000 1.535700 -2.030299 3.470139 4.872847 1.588515 
8.33 1.435811 0.336082 0.053541 2.348428 -1.266374 0.000000 1.535700 -2.030299 3.473203 5.094556 1.769205 
8.43 1.462154 0.229573 -0.016236 2.303747 -1.193158 0.000000 1.535700 -2.030299 3.481585 5.013186 1.675434 
8.53 1.476904 -0.045361 -0.189667 2.521343 -1.303406 0.000000 1.535700 -2.030299 3.492150 5.251017 1.868671 
8.63 1.479119 -0.023479 -0.183249 2.492827 -1.191157 0.000000 1.535700 -2.030299 3.485419 5.158179 1.770951 
8.73 1.479119 -0.023479 -0.183249 2.564941 -1.198820 0.000000 1.535700 -2.030299 3.485419 5.219432 1.770951 
8.83 1.479119 -0.023479 -0.183249 2.631916 -1.183924 0.000000 1.535700 -2.030299 3.485419 5.263103 1.770951 
8.93 1.479119 -0.023479 -0.183249 2.372863 -1.229222 0.000000 1.535700 -2.030299 3.485419 5.089336 1.770951 
9.03 1.479119 -0.023479 -0.183249 2.445765 -1.244822 0.000000 1.535700 -2.030299 3.485419 5.155432 1.770951 
9.13 1.479119 -0.023479 -0.183249 2.569116 -0.663643 0.000000 1.535700 -2.030299 3.485419 4.909872 1.770951 
9.23 1.479119 -0.023479 -0.183249 2.643091 -0.662572 0.000000 1.535700 -2.030299 3.485419 4.971303 1.770951 
9.33 1.479119 -0.023479 -0.183249 2.738122 -0.624924 0.000000 1.535700 -2.030299 3.485419 5.031477 1.770951 
9.43 1.479119 -0.023479 -0.183249 2.758724 -0.588627 0.000000 1.535700 -2.030299 3.485419 5.029995 1.770951 
9.53 1.479119 -0.023479 -0.183249 2.778228 -0.545660 0.000000 1.535700 -2.030299 3.485419 5.024494 1.770951 
9.63 1.479119 -0.023479 -0.183249 2.789603 -0.508137 0.000000 1.535700 -2.030299 3.485419 5.015168 1.770951 
9.73 1.479119 -0.023479 -0.183249 2.789603 -0.508137 0.000000 1.535700 -2.030299 3.485419 5.015168 1.770951 
9.83 1.479119 -0.023479 -0.183249 2.789603 -0.508137 0.000000 1.535700 -2.030299 3.485419 5.015168 1.770951 
9.93 1.479119 -0.023479 -0.183249 2.789603 -0.508137 0.000000 1.535700 -2.030299 3.485419 5.015168 1.770951 
10.03 1.479119 -0.023479 -0.183249 2.789603 -0.508137 0.000000 1.535700 -2.030299 3.485419 5.015168 1.770951 
10.13 1.479119 -0.023479 -0.183249 2.789603 -0.508137 0.000000 1.535700 -2.030299 3.485419 5.015168 1.770951 
10.23 1.479119 -0.023479 -0.183249 2.789603 -0.508137 0.000000 1.535700 -2.030299 3.485419 5.015168 1.770951 
10.33 1.479119 -0.023479 -0.183249 2.789603 -0.508137 0.000000 1.535700 -2.030299 3.485419 5.015168 1.770951 
10.43 1.479119 -0.023479 -0.183249 2.789603 -0.508137 0.000000 1.535700 -2.030299 3.485419 5.015168 1.770951 
10.53 1.479119 -0.023479 -0.183249 2.789603 -0.508137 0.000000 1.535700 -2.030299 3.485419 5.015168 1.770951 
10.63 1.479119 -0.023479 -0.183249 2.789603 -0.508137 0.000000 1.535700 -2.030299 3.485419 5.015168 1.770951 
10.73 1.334769 -0.542511 -0.526954 2.789603 -0.508137 0.000000 1.535700 -2.030299 3.480836 5.015168 1.535560 
10.83 1.334769 -0.542511 -0.526954 2.789603 -0.508137 0.000000 1.535700 -2.030299 3.480836 5.015168 1.535560 
10.93 1.334769 -0.542511 -0.526954 2.789603 -0.508137 0.000000 1.535700 -2.030299 3.480836 5.015168 1.535560 
11.03 1.334769 -0.542511 -0.526954 2.789603 -0.508137 0.000000 1.535700 -2.030299 3.480836 5.015168 1.535560 
11.13 1.218909 -0.450014 -0.471579 2.789603 -0.508137 0.000000 1.535700 -2.030299 3.392806 5.015168 1.535560 
11.23 1.218909 -0.450014 -0.471579 2.789603 -0.508137 0.000000 1.535700 -2.030299 3.392806 5.015168 1.535560 
11.33 1.111400 -0.359828 -0.396116 2.789603 -0.508137 0.000000 1.535700 -2.030299 3.320773 5.015168 1.535560 
11.43 1.111400 -0.359828 -0.396116 2.789603 -0.508137 0.000000 1.535700 -2.030299 3.320773 5.015168 1.535560 
11.53 1.007930 -0.374177 -0.406516 2.789603 -0.508137 0.000000 1.535700 -2.030299 3.272847 5.015168 1.535560 
11.63 1.007930 -0.374177 -0.406516 2.789603 -0.508137 0.000000 1.535700 -2.030299 3.272847 5.015168 1.535560 
11.73 0.964664 -0.272297 -0.330657 2.789603 -0.508137 0.000000 1.535700 -2.030299 3.214522 5.015168 1.535560 
11.83 0.964664 -0.272297 -0.330657 2.789603 -0.508137 0.000000 1.535700 -2.030299 3.214522 5.015168 1.535560 
11.93 0.964664 -0.272297 -0.330657 2.789603 -0.508137 0.000000 1.535700 -2.030299 3.214522 5.015168 1.535560 
12.03 0.823145 -0.336355 -0.393213 2.601332 -0.642749 0.000000 1.535700 -2.030299 3.159614 4.925466 1.830462 
12.13 0.822703 -0.277778 -0.337352 2.594804 -0.654764 0.000000 1.535700 -2.030299 3.140055 4.926522 1.851052 
12.23 0.822703 -0.277778 -0.337352 2.569116 -0.663643 0.000000 1.535700 -2.030299 3.140055 4.909872 1.851052 
12.33 0.782039 -0.324997 -0.394680 2.478851 -0.629338 0.000000 1.535700 -2.030299 3.129855 4.815629 1.800235 
12.43 0.782039 -0.324997 -0.394680 2.449105 -0.618023 0.000000 1.535700 -2.030299 3.129855 4.784588 1.800235 
12.53 0.782039 -0.324997 -0.394680 2.390200 -0.595607 0.000000 1.535700 -2.030299 3.129855 4.723143 1.800235 
12.63 0.686967 -0.496499 -0.620328 2.371742 -0.592610 0.000000 1.535700 -2.030299 3.133870 4.706140 1.633620 
12.73 0.686967 -0.496499 -0.620328 2.323037 -0.572042 0.000000 1.535700 -2.030299 3.133870 4.654248 1.633620 
12.83 0.575407 -0.649804 -0.833761 2.286840 -0.566225 0.000000 1.535700 -2.030299 3.153212 4.621012 1.523839 
12.93 0.513813 -0.698465 -0.922342 2.208120 -0.559872 0.000000 1.535700 -2.030299 3.153620 4.552491 1.448580 
13.03 0.513813 -0.698465 -0.922342 2.208120 -0.559872 0.000000 1.535700 -2.030299 3.153620 4.552491 1.448580 
13.13 0.493806 -0.697815 -0.950161 3.013203 -0.665025 0.000000 1.535700 -2.030299 3.139032 5.287466 2.335346 
13.23 0.416006 -0.756454 -1.070168 3.013203 -0.665025 0.000000 1.535700 -2.030299 3.141607 5.287466 2.254234 
13.33 0.302314 -0.819974 -1.212814 3.069919 -0.505657 0.000000 1.535700 -2.030299 3.153614 5.257642 2.252535 
13.43 0.215069 -0.857745 -1.318245 3.066847 -0.432590 0.000000 1.535700 -2.030299 3.162773 5.220082 2.223853 
13.53 0.199348 -0.848463 -1.345266 3.174534 -0.312728 0.000000 1.535700 -2.030299 3.146185 5.260806 2.324733 
13.63 0.122989 -0.870549 -1.424409 3.134695 -0.243318 0.000000 1.535700 -2.030299 3.158376 5.194413 2.268040 
13.73 0.107132 -0.868037 -1.444793 3.257787 -0.130371 0.000000 1.535700 -2.030299 3.153274 5.257947 2.360856 
13.83 -0.015040 -0.888026 -1.583418 3.272970 -0.092416 0.000000 1.535700 -2.030299 3.164287 5.256351 2.386470 
13.93 -0.109321 -0.877442 -1.690418 3.272016 0.005225 0.000000 1.535700 -2.030299 3.161278 5.216805 2.387815 
14.03 -0.168209 -0.873582 -1.759301 3.225481 0.066579 0.000000 1.535700 -2.030299 3.163943 5.150246 2.336846 
14.13 -0.241189 -0.862515 -1.840412 3.142827 0.180600 0.000000 1.535700 -2.030299 3.169297 5.030905 2.254695 
14.23 -0.341435 -0.848466 -1.967869 3.106541 0.239707 0.000000 1.535700 -2.030299 3.173632 4.975603 2.203715 
14.33 -0.388583 -0.825229 -2.028281 3.149933 0.345048 0.000000 1.535700 -2.030299 3.170040 4.979481 2.262011 
14.43 -0.358132 -0.826555 -1.988595 3.125853 0.396471 0.000000 1.535700 -2.030299 3.166369 4.939582 2.258732 
14.53 -0.384461 -0.820021 -2.020003 3.110968 0.478642 0.000000 1.535700 -2.030299 3.169000 4.898894 2.254638 
14.63 -0.389097 -0.816633 -2.025073 3.097880 0.541603 0.000000 1.535700 -2.030299 3.168852 4.866855 2.257137 
14.73 -0.429668 -0.795696 -2.075167 3.094878 0.654114 0.000000 1.535700 -2.030299 3.168852 4.830749 2.283819 
14.83 -0.489273 -0.767784 -2.156468 3.083879 0.697864 0.000000 1.535700 -2.030299 3.168202 4.807899 2.277491 
14.93 -0.487963 -0.761097 -2.158510 3.021566 0.821986 0.000000 1.535700 -2.030299 3.163804 4.714732 2.265847 
15.03 -0.502000 -0.756062 -2.174927 3.032981 0.871694 0.000000 1.535700 -2.030299 3.166192 4.713302 2.291234 
15.13 -0.574495 -0.719442 -2.273596 3.004268 0.951696 0.000000 1.535700 -2.030299 3.169616 4.666336 2.280059 
15.23 -0.573101 -0.711475 -2.272535 2.984767 0.982125 0.000000 1.535700 -2.030299 3.167432 4.640398 2.283298 
15.33 -0.606503 -0.684219 -2.324172 2.935366 1.029961 0.000000 1.535700 -2.030299 3.165326 4.581605 2.257116 
15.43 -0.628554 -0.671210 -2.352616 2.904686 1.035066 0.000000 1.535700 -2.030299 3.168615 4.550551 2.226816 
15.53 -0.684265 -0.624697 -2.444136 2.823235 1.044402 0.000000 1.535700 -2.030299 3.165822 4.469039 2.147279 
15.63 -0.679550 -0.624841 -2.437595 2.772393 1.042555 0.000000 1.535700 -2.030299 3.165107 4.419876 2.105852 
15.73 -0.680697 -0.610211 -2.439743 2.642893 1.043761 0.000000 1.535700 -2.030299 3.164673 4.293471 2.006145 
15.83 -0.705901 -0.580548 -2.493038 2.566002 1.058556 0.000000 1.535700 -2.030299 3.158074 4.215239 1.943360 
15.93 -0.729223 -0.556592 -2.517986 2.461725 1.060249 0.000000 1.535700 -2.030299 3.167490 4.113442 1.858999 
16.03 -0.754487 -0.527512 -2.570036 2.415576 1.064183 0.000000 1.535700 -2.030299 3.163725 4.067672 1.815240 
16.13 -0.780310 -0.493593 -2.622827 2.335018 1.083835 0.000000 1.535700 -2.030299 3.161705 3.984752 1.755411 
16.23 -0.776138 -0.493101 -2.612643 2.300802 1.105201 0.000000 1.535700 -2.030299 3.163869 3.946461 1.748431 
16.33 -0.813964 -0.433896 -2.706635 2.234693 1.158927 0.000000 1.535700 -2.030299 3.155147 3.869774 1.718824 
16.43 -0.820199 -0.423652 -2.715481 2.203364 1.196958 0.000000 1.535700 -2.030299 3.158255 3.830803 1.721903 
16.53 -0.823969 -0.404295 -2.730733 2.108359 1.264638 0.000000 1.535700 -2.030299 3.157562 3.723628 1.707505 
16.63 -0.853450 -0.353451 -2.810409 2.062029 1.295289 0.000000 1.535700 -2.030299 3.152024 3.672042 1.683355 
16.73 -0.841050 -0.370976 -2.768751 1.967129 1.383595 0.000000 1.535700 -2.030299 3.160282 3.562027 1.705120 
16.83 -0.848217 -0.353856 -2.790733 1.861049 1.403032 0.000000 1.535700 -2.030299 3.159068 3.454182 1.656748 
16.93 -0.878798 -0.277908 -2.901134 1.845100 1.462774 0.000000 1.535700 -2.030299 3.147790 3.428104 1.679995 
17.03 -0.873533 -0.282120 -2.884937 1.794194 1.475005 0.000000 1.535700 -2.030299 3.151277 3.375877 1.672630 
17.13 -0.873533 -0.282120 -2.884937 1.794194 1.475005 0.000000 1.535700 -2.030299 3.151277 3.375877 1.672630 
17.23 -0.873533 -0.282120 -2.884937 1.794194 1.475005 0.000000 1.535700 -2.030299 3.151277 3.375877 1.672630 
